Vorlage Finanzierung Borsbergstraße/Schandauer Straße

Anlage 1

Änderung Finanzhaushalt 2012
Nr.

2.1

2.2

2.3

2.4

2.5

2.6

2.7

2.8

2.9

Bezeichnung

Borsbergstraße/Schandauer Straße

Borsbergstraße, 1. PA

Schandauer Straße, 2./3. BA

Freiberger Straße

SP_G-Eisenbahnkreuzungsgesetz

Postplatz

Pirnaer Landstraße, 5. BA

SW_B6-Umbau Querschn. Bautzner Landstr.

SP_G-Verkehrsmanagementmaßnahmen

(Werte in Euro)
TI-Projekt

Sachkonto

TI.20110.A66.V
TI.20110.A66.G
TI.20110.A66.B
Summe Ausgaben
TI.20110.E66.705

78520000
78210000
78520000

TI.23710.A66.V
TI.23710.A66.G
TI.23710.A66.B
Summe Ausgaben
TI 23710.E66.
E66 705
TI.23710

78520000
78210000
78520000

TI.23510.A66.V
TI.23510.A66.G
TI.23510.A66.B
Summe Ausgaben
TI.23510.E66.705

68110000

68110000

Einzahlungen
2012
alt

1.285.000,00

1.615.000,00
615 000 00

Einzahlungen
2012
Änderung

1.515.000,00

-1 615 000,00
00
-1.615.000

Einzahlungen
2012
neu

TI.22010.A66.V
TI.22010.A66.G
TI.22010.A66.B
Summe Ausgaben
TI.22010.E66.705

78520000
78210000
78520000

TI.21311.A66.V
TI.21311.A66.G
TI.21311.A66.B
Summe Ausgaben
TI.21311.E66.705
TI.21311.A66.V
TI.21311.A66.G
TI.21311.A66.B

78520000
78210000
78520000

TI.23010.A66.V
TI.23010.A66.G
TI.23010.A66.B
Summe Ausgaben
TI.23010.E66.705

78520000
78210000
78520000

TI.25202.A66.V
TI.25202.A66.G
TI.25202.A66.B
Summe Ausgaben
TI.25202.E66.705

78520000
78210000
78520000

TI.51610.A66.V
TI.51610.A66.G
TI.51610.A66.B
Summe Ausgaben
TI.51610.E66.705

78520000
78210000
78520000

TI.50911.A66.V
TI.50911.A66.G
TI.50911.A66.B
Summe Ausgaben
TI.50911.E66.705

78520000
78210000
78520000

68110000

68110000
68512000
68512000
68512000

68110000

68110000

68110000

68110000

0,00

0,00

0,00

0,00

0,00

447.000,00

447.000,00

0,00

0,00

0,00

219.620,35
0,00
0,00
219.620,35

0,00
560.000,00
4.128.000,00
4.688.000,00

239.620,35
560.000,00
6.033.000,00
6.832.620,35

239.620,35
560.000,00
6.033.000,00
4.032.620,35

20.000,00
0,00
2.395.000,00
2.415.000,00

250.104,06
0,00
0,00
250.104,06

-252.530,00
0,00
-2.364.410,00
-2.616.940,00

17.574,06
0,00
30.590,00
48.164,06

17.574,06
0,00
30.590,00
48.164,06

0,00
0,00
0,00
0,00

214.949,72
0,00
0,00
214.949,72

-135.990,00
0,00
0,00
-135.990,00

78.959,72
0,00
0,00
78.959,72

78.959,72
0,00
0,00
78.959,72

0,00
0,00
0,00
0,00

18.199,62
298.050,61
837.090,22
1.153.340,45

0,00
-80.000,00
-290.000,00
-370.000,00

18.199,62
218.050,61
547.090,22
783.340,45

18.199,62
218.050,61
547.090,22
783.340,45

0,00
0,00
0,00
0,00

46.057,09
0,00
508.171,56
554.228,65

0,00
0,00
0,00
0,00

46.057,09
0,00
508.171,56
554.228,65

46.057,09
0,00
508.171,56
554.228,65

0,00
0,00
0,00
0,00

203.985,52
600.481,89
1.213.039,14
2.017.506,55

-25.000,00
-599.443,81
0,00
-624.443,81

178.985,52
1.038,08
1.213.039,14
1.393.062,74

178.985,52
1.038,08
1.213.039,14
1.393.062,74

0,00
0,00
0,00
0,00

439.279,17
212.489,37
408.998,37
1.060.766,91

-375.000,00
-42.050,00
0,00
-417.050,00

64.279,17
170.439,37
408.998,37
643.716,91

64.279,17
170.439,37
408.998,37
643.716,91

0,00
0,00
0,00
0,00

0,00
0,00
126.144,05
126.144,05

0,00
0,00
-117.576,19
-117.576,19

0,00
0,00
8.567,86
8.567,86

0,00
0,00
8.567,86
8.567,86

13.000,00
0,00
130.000,00
143.000,00

13.000,00
0,00
17.859,00
30.859,00

0,00
0,00
-59.000,00
-59.000,00

26.000,00
0,00
88.859,00
114.859,00

26.000,00
0,00
88.859,00
114.859,00

4.483.000,00

5.627.519,74

347.000,00

10.457.519,74

6.874.179,29

0,00

0,00

0,00

0,00

Gesamt

2.900.000,00

347.000,00

3.247.000,00

Eigenmittel (alt)

7.210.519,74

Eigenmittel (neu)

7.210.519,74
0,00

20.000,00
0,00
1.905.000,00
1.925.000,00

0,00

0,00

Eigenmittelabweichung

Zuschuss
2012
neu

0,00

0,00
,

0,00

Auszahlungen
2012
neu

0,00

0,00
,

0,00

Auszahlungen
2012
Änderung

0 00
0,00

,
0,00

0,00

Auszahlungen
2012
HAR + Üpl/Apl

2.800.000,00

78520000
78210000
78520000
68110000

Auszahlungen
2012
alt

Vorlage Finanzierung Borsbergstraße/Schandauer Straße

Anlage 1

