Anlage

Veränderungen im Finanzhaushalt des Straßen- und Tiefbauamtes 2012 infolge Mehreinzahlungen und Einzelveranschlagung

Finanzhaushalt 2012
Nr.

2.1

22
2.2

2.3

2.4

2.5

2.6

2.7

(Werte in Euro)

Bezeichnung

Molenbrücke Moritzburger Str./Pieschener

HW02 Waltherstraßenbrücke
HW02_Waltherstraßenbrücke

Brücke Budapester Straße

_
g
SP_G-Ingenieurbauwerke

Stützmauer Wachwitzer Bergstr.

_
g g
SP_G-Eisenbahnkreuzungsgesetz

KPII_Johann-Meyer-Str./Buchenstr.

TI-Projekt

Sachkonto

TI.30109.A66.V
TI.30109.A66.G
TI.30109.A66.B
Summe Auszahlungen
TI.30109.E66.705

78520000
78210000
78520000

TI 09202 A66 V
TI.09202.A66.V
TI.09202.A66.G
TI.09202.A66.B
Summe Auszahlungen
TI.09202.E66.705
TI.09202.A66.V
TI.09202.A66.G
TI.09202.A66.B
Summe Einzahlungen

78520000
78210000
78520000

TI.30709.A66.V
TI.30709.A66.G
TI.30709.A66.B
Summe Auszahlungen
TI.30709.E66.705

78520000
78210000
78520000

TI.30111.A66.V
TI.30111.A66.G
TI.30111.A66.B
Summe Auszahlungen
TI.30111.E66.705
TI.30111.A66.V
TI.30111.A66.G
TI.30111.A66.B
Summe Einzahlungen

78520000
78210000
78520000

68110000

68110000
68512000
68512000
68512000

68110000

68110000
68512000
68512000
68512000

TI.31212.A66.V
TI.31212.A66.G
TI.31212.A66.B
Summe Auszahlungen
TI.31212.E66.705

78520000
78210000
78520000

TI.21311.A66.V
TI.21311.A66.G
TI.21311.A66.B
Summe Auszahlungen
TI.21311.E66.705
TI.21311.A66.V
TI.21311.A66.G
TI.21311.A66.B
TI.21311.A66.B
Summe Einzahlungen

78520000
78210000
78520000

TI.02309.A66.V
TI.02309.A66.G
TI.02309.A66.B
Summe Auszahlungen
TI.02309.E66.705

68110000

68110000
68512000
68512000
68810000
68512000

Einzahlungen
2012
alt

0,00

0,00
0,00
0,00
0,00
0,00

0,00

0,00
0,00
0,00
0,00
0,00

0,00

0,00
0,00
0,00
0,00
0,00
0,00

Einzahlungen
2012
HAR + Üpl/Apl

0,00

0,00
0,00
0,00
0,00
0,00

369.325,00

852.000,00
0,00
0,00
0,00
0,00

0,00

0,00
0,00
0,00
0,00
447.000,00
447.000,00

Einzahlungen
2012
Änderung

14.810,00

0,00
0,00
0,00
0,00
0,00

480.155,00

0,00
0,00
0,00
0,00
0,00

0,00

0,00
0,00
0,00
161.278,70
427.839,75
589.118,45

Einzahlungen
2012
neu

0,00

0,00

0,00

Zuschuss
2012
neu

0,00
0,00
0,00
0,00

4,18
0,00
65.960,77
65.964,95

-4,18
0,00
-6.126,82
-6.131,00

0,00
0,00
59.833,95
59.833,95

45.023,95

0 00
0,00
0,00
0,00
0,00

0 00
0,00
0,00
583.015,09
583.015,09

0 00
0,00
0,00
-562.551,56
-562.551,56

0 00
0,00
0,00
20.463,53
20.463,53

20.463,53

0,00
0,00
0,00
0,00

0,00
0,00
3.323.895,65
3.323.895,65

0,00
0,00
750.155,00
750.155,00

0,00
0,00
4.074.050,65
4.074.050,65

3.224.570,65

46.000,00
,
0,00
0,00
46.000,00

83.744,16
,
0,00
1.607.714,93
1.691.459,09

14.814,18
,
0,00
364.894,38
379.708,56

144.558,34
,
0,00
1.972.609,31
2.117.167,65

1.265.167,65

0,00
0,00
0,00
0,00

0,00
0,00
0,00
0,00

67.500,00
0,00
0,00
67.500,00

67.500,00
0,00
0,00
67.500,00

67.500,00

0,00
,
0,00
0,00
0,00

46.057,09
,
0,00
508.171,56
554.228,65

0,00
,
0,00
161.278,70
161.278,70

46.057,09
,
0,00
669.450,26
715.507,35

-320.611,10

0,00
0,00
0,00
0,00

8.975,34
0,00
11.866,27
20.841,61

0,00
0,00
230.010,86
230.010,86

8.975,34
0,00
241.877,13
250.852,47

250.852,47

14.810,00

0,00
0,00
0,00
0,00
0,00

849.480,00

852.000,00
0,00
0,00
0,00
0,00

0,00

0,00
0,00
0,00
161.278,70
874.839,75
1.036.118,45

78520000
78210000
78520000
68110000

Auszahlungen Auszahlungen Auszahlungen Auszahlungen
2012
2012
2012
2012
alt
HAR + Üpl/Apl
Änderung
neu

0,00

Anlage

Veränderungen im Finanzhaushalt des Straßen- und Tiefbauamtes 2012 infolge Mehreinzahlungen und Einzelveranschlagung

2.8

2.9

Pirnaischer Platz

SP_G-Gehwege

2.10 AS A17/ B 173 Kesselsdorfer Straße

2.11 SP_G-Einzelmaßnahmen Straße

2.12 SP_S-Einzelmaßnahmen Straße

Gesamt

TI.20310.A66.V
TI.20310.A66.G
TI.20310.A66.B
Summe Auszahlungen
TI.20310.E66.705
TI.20310.A66.V
TI.20310.A66.G
TI.20310.A66.B
Summe Einzahlungen

78520000
78210000
78520000
68110000
68512000
68512000
68512000

TI.40511.A66.V
TI.40511.A66.G
TI.40511.A66.B
Summe Auszahlungen
TI.40511.E66.705
TI.40511.A66.V
TI.40511.A66.G
TI.40511.A66.B
Summe Einzahlungen

78520000
78210000
78520000

TI.22410.A66.V
TI.22410.A66.G
TI.22410.A66.B
Summe Auszahlungen
TI.22410.E66.705
TI.22410.A66.V
TI.22410.A66.G
TI.22410.A66.B
Summe Einzahlungen

78520000
78210000
78520000

68110000
68512000
68512000
68512000

68110000
68512000
68512000
68512000

TI.40111.A66.V
TI.40111.A66.G
TI.40111.A66.B
Summe Auszahlungen
TI.40111.E66.715

78520000
78210000
78520000

TI.40311.A66.V
TI.40311.A66.G
TI.40311.A66.B
Summe Auszahlungen
TI.40311.E66.705
TI.40311.A66.V
TI.40311.A66.G
TI.40311.A66.B
Summe Einzahlungen

78520000
78210000
78520000

68810000

68110000
68512000
68512000
68512000

0,00
0,00
0,00
0,00
0,00

0,00
0,00
0,00
0,00
0,00

0,00
0,00
0,00
0,00
0,00

0,00

0,00
0,00
0,00
0,00
0,00

0,00
0,00
0,00
115.019,01
115.019,01

0,00

0,00
193,31
0,00
10.417,29
10.610,60

0,00
0,00
0,00
0,00
0,00

0,00
0,00
37.150,30
49.548,60
86.698,90

253.259,62

0,00

2.083.344,01

1.512.652,57

3.595.996,58

198.356,91

590.517,12

103.000,00
0,00
685.000,00
788.000,00

69.860,30
0,00
50.281,60
120.141,90

0,00
0,00
62.469,80
62.469,80

172.860,30
0,00
797.751,40
970.611,70

970.611,70

0,00
0,00
0,00
0,00

27.492,71
20.018,12
463.713,79
511.224,62

0,00
37.150,30
49.548,60
86.698,90

27.492,71
57.168,42
513.262,39
597.923,52

396.205,61

226.300,00
0,00
800.000,00
1.026.300,00

10.201,81
38.816,05
123.939,13
172.956,99

0,00
0,00
253.259,62
253.259,62

236.501,81
38.816,05
1.177.198,75
1.452.516,61

1.199.256,99

0,00
0,00
0,00
0,00

22.723,20
0,00
737.071,09
759.794,29

6.000,00
24.000,00
48.000,00
78.000,00

28.723,20
24.000,00
785.071,09
837.794,29

459.794,29

1.860.300,00

8.194.039,96

1.711.009,48

11.765.349,44

8.169.352,86

253.259,62

378.000,00
0,00
0,00
0,00
0 00
0,00

8.169.352,86

31.031,52
0,00
570.096,20
601.127,72

0,00
0,00
37.150,30
164.567,61
201.717,91

78.000,00
0,00
0,00
0,00
0 00
0,00

Eigenmittel (neu)

193,31
0,00
210.417,29
210.610,60

0,00
0,00
0,00
0,00
0,00

300.000,00
0,00
0,00
0,00
0 00
0,00

7.970.995,95

30.838,21
0,00
359.678,91
390.517,12

0,00
193,31
0,00
10.417,29
10.610,60

0,00
0,00
0,00
0,00
0 00
0,00

Eigenmittel (alt)

Eigenmittelabweichung

0,00
0,00
0,00
0,00
0,00

0,00
0,00
0,00
0,00

Die Deckung erfolgt durch Entnahme aus dem Gesamthaushalt in Höhe der außerplanmäßig eingegangenen
investiven Einzahlungen aus dem Jahr 2011 für die Maßnahmen "TI.30109 - Molenbrücke Moritzburger
Str./Pieschener" i. H. v. 133.716,00 Euro bzw. "TI.01409 - KPII_Fritz-Reuter-Straße" i. H. v. 64.640,91 Euro.

