AF1878/12 - Anlage 3 Anmeldungen nach Grundschulen (Stand: 16JMärz 2012)
Altstadt

OA

GS

4.KI

1

10
16

2

3

4

5

6

7

4.KI SJA

10

.101

37

5

,z

102

~« I-

2„

9

20

113

36

4

60

1

15

59

,2

19

21

3

•.2.

1

30

45

: 1

4-

1

: 1

6

1

7

z

1' 'p-3-

Blasewitz
Wei

25

32

Leuben
107

1

1

1
2

X
*3

1

9

1

11

,2

s~_18.~

1

63

26

60

41

60

18

3, ~z4 *

43

40

6

31

56

69

106

76

50

44

82

50

84

,

*■

1

1

4

-4

5. =£26-;

4

Plauen

Prohtis
116

121

128

Cotta

46

55

2

1

1

4

4

1

35

2

1

5

1

1
1

i

2

36

76

138

Co.

Anm.

13

1

19
2

1

11
31

1

19

:

7

i

15

1

8

3

21
1

7

*

•

66

i

1

3

45
1

64

;

1

8

350

88

i

1

103

3

62

J,

?27

1

wx

4

44

248

82

1

48

239

GMS

1

102

*

56

Loschwitz

Klotzsche

Pieschen
30

I

17

!

29

1

1

34
1

i

rt,8-;-

i

.11 r-~7#-„

1

26
1

18
22

i

-Ö-«

27

■V8'

-8:-

1

*8*

2.

11

52

1

ys~

~7_

14

85

24

1

_1-

-1:

LB

47

;

16

3

i

14273

18

^37

1

Wx

56

59

63

61

47

:

62

41

i

1

3

1

1

2

88

25
48

Wei

49

6

40

25

71

32

47

1

33

42

1

44

48

51

92

1

; 1

7

63

107

2

| 1

10

96

62

108

46

65

50

91

36

,?1.-

1

7

'«131

22

174

1

12

3. <>2:H

1

;

13
18

e2j

1

F12"'
1

1

1

|

1

5

2
1

17

-i10""t
.8 <v

;

i

8

1

555

■JBh-

-12.

SF

273

38

1

>4ij
, - 8"-.

1

,4ier

15

c$'r

2

*$*

3

14

8

2

ifc &iR

12

1

25

23
1

Ü3?

1

•j8f:

7
3

1ß
1

8-

6

5

26
19

2

29
19
16

„4

15

8

XJ

1

yo

47

43

68

59

62

1??

49

1?9

30

14

40

49

79

70

31

71

i

1

347

1

80

66

117

32

324

1?

58

1

49

1

1

1

•

35

-10; -14
22

36

9
26

8

14

i

t>

11

i

12

26

75

44

1

76

19

I

77

41

I

81

39

f
1

58

Co

47

473

3340

3340

■m

12

Ii4^'

r%

i

1

55

28

1

22

135

4
I

74

139

16

i

1

1

1

■\6)
2

41

-^-

27

1

&1* -1s

22

1

2^

8

-12

18

f4". rfr

»/*
^3

3

1

27

53

39

39

113

29

/4

4

1

1

2

3

4

/6

18

33

50

36

1

1

3

33

5/

101

84

1

3

1

2

1

38

2/

23

83

31

8/

1

/

46

_

-~

41

b2

5

1

32

54

10

2
31

101

30

•86

31

40
9

40
56

117
GMS

197

32
82

6

1

3

11

b

82

8b

3U

39

wx

114

27

1317
1

3

Freie Träger

41
38

"26

1

Förderschulen/DaZ

25
11

1ü

ä~

27

8

"18

^3:

1

1

i

<3.

9

1

<

38

2

!

Wiederhole r

Summe

3
4

i

37

Auswärtige

9
38

1
1

20

4

1

5

15

2

16

1

1

36

Summe

MS

1

1

1

40

39

10

3

t

45

1?0

12

10

-13!

59

90

9

1

!

62

88

Wei

1b4

51
25

2

<

2

i

43
32

33
107

12/

Erläuterung:

SF - Grundschule Schönfeld

LB - Grundschule ILangebrück
GMS - Gemeinschaftsschule Dresden Pieschen
WX - Mittelschule Weixdorf
Wei-Mittelschule Weißig

Co - Mittelschule Cossenbaude

Seite 1 von 2 i

2

1

1

59

1ü/

8b

39

3U

66

116

121

128

64

1öti

155

38

16

1

1

4

2

6

1

1

9

58

24

88

3b

1UU

4/

4b

61

1430

46

55

35

36

76

138

Co.

1

1

1

3

112

288

AF1878/12 - Anlage 3 Anmeldungen nach Grundschulen (Stand: 16. März 2012)

I

;

OA

GS

1

10

37

1

16

102

1

48

20

102

1

44

1

113

36

2

4

60

2

2

15

59

2

1

3

8

1

3

8

2

8

13
,
2

5

-5

;

1

i
*

3

26

60

41

60

56

69

1

3

106

76

2

4

50

44

1

84

52

4

85

24

4

LB

47

4

Wx

56

5

59

63

61

47

62

41

88

25

SF

48

c

Wß

49

6

6

40

4

.

1

2

11

.

6

1

6

48

3

I

1

51

92

2

«

16

3

1

6

63

67

4

:

12

1

1

47
34

y

95

91

47

43

8

66

59

8

89

59

8

10

39

4
33

1

8

::v:. 13- ■-

18

1

1

3

;

24

!

27 -

i

30

1

3

9

1

1

6

i

8

11

17

17
,*

19

i ■':■•■ 9.:;:.:: :i

1

1

|:--::"23
:

1
1

1

36

2

35

1

16

10

1

28

7

4

10

7

7

2

1

21

15

i

3

1

5

1

3

5

6

7

6

5

1

14
3

1

;

1

3

1

1

i

3
2

•

1

1

1

12

.

1

!

1

12

i

2

1

j

2

35

14
1

37

2

1

48

6

2

26

4

2

3

15

1

6

1

6

14
1

8
11

3
t

9

1

2

6
2
1

26

1

1

1

1

1

1

2

1

17

27

1

3

1

18

9

35

2

1

3

16

1

3

5

17

1

1

I

44

18

1

3

6

66

30

1

4

1

2

4

5

•[.-.,-32— ■

1

11

1

l;:-:28.-:-:-

6

Anm

1

..\T,r.-.7....v:

,

93

2

Cotta

20

2

4

92

10

.. ....7^:.

4
t

6

Plauen

4

1

42

7

■

•:.-.:r$-.>■'■■

1

33

7

1

:

32

91

2

3

6

7

15

•

6

36

8

2

7

1

50

11

5

1

65

2

3

6

46

1

1

8

108

1

1

<

6

1

,,.T26-:-:

1

62

10

v...:.-9:.;.::-;-

71

96

2

2

47

6

2

2

...... ..-T .:■„:■

25

6

1
9

1

3

4

.

1

40

Vitzthum

1

2

.28

1

1

Hülße

1
1

2

1

43

50

1

4

2

3

82

1

1

63

MAN

Erlwein

1

1

103

Bühlau

<lotzsche

■ 1

6

45

3

g

-.

Pesta

DKS

1

2

5

21

45

4

K

19

8

RoRo

Sport

BB

30

3

Bürger

Curie

1

6

3

11

2

.,' ;. . 2

10

19

1

....

13

36

1

6- : :
18

40

21

1

8

129

30

9

14

40

9

39

40

1

9

49

79

5

9

70

31

9

71

36

9

80

$6

9

117

32

■

10

12

58

!

10

35

49

2

10

37

41

2

10

74

22

10

75

44

10

76

19

10

77

41

10

81

39

10

135

55

10

139

58

or>

3

3

i

10

CB

47

2

1

i

1

j

■

■

i

4

2

4

1

3

1

2

2

1

•

f

1
1

1

i

1

1

1

1

i

3

1

1

9

1

7

18

30

12

23

43

4

21

14

11

10

2

8

3

4

,

14

1

1

1

1

16

14

15

8

6

21

10

13

t

2

J

1

5

13

1

18

24

7

10

i

1

1

1

8
1

•

2

•

75

92

40

8

1

t

1

4

45

88

97

f

,

144

79

84

118

122

6

17

1

9

13

91

115

1397
0

0

Förderschüler
9

Auswärtige
Summe

11

11

Wtederholer/von MS
Freie Träger

8

22

7

I

109

31

1

1
1

1

98

9

1

5

1

1

3

6

— —

2

1

107

.

12

8

5

8

0

2

0

'

3

8

7

6

2

15

19

:

103

95

52

123

47

105

116

BB

Bürger

Sport

RoRo

DKS

Pesta

Curie

12

,

i

LB - Grundschule Langebrück

Wx - Grundschule Weixdorf

i

SF - Grundschule Schönfeld

;

Wß - Grundschule Weißig

,

CB - Grundschule Cossebaude

i

Seite 2 von 2

9

1

7

1

2

78

8

1

8

10

21

21

1

130

164

82

101

129

150

113

118

1605

Erlwein

MAN

Hulße

Vitzthum

Plauen

Cotta

ges.

Klotzsche , Bühlau

Erläuterungen:

2

