Anlage 3

Table
KalJahr/Monat

JAN 2012

FEB 2012

MAR 2012

APR 2012

MAI 2012

JUN 2012

JUL 2012

AUG 2012

SEP 2012

OKT 2012

NOV 2012

DEZ 2012

Gesamtergebnis

§ 20

2

3

2

1

1

1

2

2

2

2

2

2

2

§ 27

12

12

10

9

11

11

9

10

10

10

9

8

10

§ 28

3

2

2

2

4

5

4

5

5

6

7

7

4

1

1

1

1

§ 29
§ 30

119

118

119

122

128

120

117

115

119

118

118

121

120

§ 31

390

390

414

426

428

427

440

436

444

465

456

475

433

§ 35

1

1

1

1

1

1

1

1

2

2

2

1

1

527

526

548

561

573

565

573

569

582

604

595

615

570

§ 32

23

27

27

26

25

27

23

24

26

26

27

29

26

teilstationäre HzE Gesamt

23

27

27

26

25

27

23

24

26

26

27

29

26

§ 19

43

40

42

41

41

42

38

35

33

36

32

35

38

233

234

232

237

234

233

229

232

236

233

231

237

233

1

1

1

1

1

1

1

1

1

1

1

1

1

443

436

454

445

460

451

453

454

454

462

461

452

452

11

15

17

16

15

16

18

18

19

15

15

14

16

1

2

4

3

2

2

2

4

4

2

2

ambulante HzE Gesamt

§ 33
Kostenerstattung
Ausgaben § 35 a
§ 34 Heim
§ 34 betreutes Einzelwohnen
§ 35 stationär
Kostenerstattung
Ausgaben
stationäre HzE Gesamt
§ 35a ambulant
§ 35a teilstationär
§ 35a stationär
Eingliederungshilfe Gesamt
Gesamt
HzE-Quotient

1
93

93

93

96

96

96

97

101

100

98

93

95

96

825

819

840

838

851

842

838

843

845

849

837

836

839

68

61

71

73

71

66

62

59

76

78

80

80

70

3

4

4

4

4

4

4

5

5

4

5

4

4

79

76

79

82

84

80

83

83

85

89

92

91

84

150

141

154

159

159

150

149

147

166

171

177

175

158

1.525

1.513

1.569

1.584

1.608

1.584

1.583

1.583

1.619

1.650

1.636

1.655

1.592

0,64

0,64

0,65

0,67

0,67

0,67

0,68

0,67

0,69

0,71

0,71

0,74

0,68

