Landeshauptstadt Dresden
Straßen- und Tiefbauamt

Anlage 8
Stand: 28.03.2013

Änderung Ergebnis- und Finanzhaushalt 2013 (Werte in Euro)
Nr.

Bezeichnung

TU bzw. TI-Projekt

Zuordnung
Bewirtschaftungseinheit

Sachkonto

Einzahlungen
2013
alt

Einzahlungen
2013
Änderung

Einzahlungen
2013
neu

Auszahlungen
2013
alt

Auszahlungen
2013
Änderung

Auszahlungen
2013
neu

Zuschuss
2013
neu

Ergebnishaushalt
1.1

1.2

1.3

Unterhaltung Gehwege Gemeindestraßen

WX_Unterhaltung Gehwege Staatsstraßen

GP_Unterhaltung Gehwege Gemeindestr.

TU.00912.A66.V
TU.00912.A66.B
Summe Ausgaben
TU.00912.E66.705

66_K_005

TU.01513.A66.V
TU.01513.A66.B
Summe Ausgaben
TU.01513.E66.705

66_K_005

TU.01613.A66.V
TU.01613.A66.B
Summe Ausgaben
TU.01613.E66.705

42211000
42210000
31410000

0,00

0,00

0,00

0,00

0,00

25.000,00
435.000,00
460.000,00

25.000,00
435.000,00
460.000,00

0,00
0,00
0,00

0,00
20.000,00
20.000,00

0,00
20.000,00
20.000,00

0,00
20.000,00
20.000,00

0,00
0,00
0,00

0,00
20.000,00
20.000,00

0,00
20.000,00
20.000,00

0,00
20.000,00
20.000,00

25.000,00
0,00
1.950.000,00
1.975.000,00

45.000,00
0,00
-1.235.000,00
-1.190.000,00

70.000,00
0,00
715.000,00
785.000,00

70.000,00
0,00
715.000,00
785.000,00

3.000,00
0,00
25.000,00
28.000,00

0,00
0,00
0,00
0,00

3.000,00
0,00
25.000,00
28.000,00

3.000,00
0,00
25.000,00
28.000,00

3.000,00
0,00
25.000,00
28.000,00

0,00
0,00
0,00
0,00

3.000,00
0,00
25.000,00
28.000,00

3.000,00
0,00
25.000,00
28.000,00

3.000,00
0,00
25.000,00
28.000,00

0,00
0,00
0,00
0,00

3.000,00
0,00
25.000,00
28.000,00

3.000,00
0,00
25.000,00
28.000,00

0,00
0,00
0,00
0,00

10.000,00
0,00
95.000,00
105.000,00

10.000,00
0,00
95.000,00
105.000,00

10.000,00
0,00
95.000,00
105.000,00

0,00
0,00
0,00
0,00

15.000,00
0,00
185.000,00
200.000,00

15.000,00
0,00
185.000,00
200.000,00

15.000,00
0,00
185.000,00
200.000,00

0,00
0,00
0,00
0,00

0,00
0,00
50.000,00
50.000,00

0,00
0,00
50.000,00
50.000,00

0,00
0,00
50.000,00
50.000,00

0,00
0,00
0,00
0,00

0,00
0,00
50.000,00
50.000,00

0,00
0,00
50.000,00
50.000,00

0,00
0,00
50.000,00
50.000,00

0,00
0,00
0,00
0,00

0,00
0,00
50.000,00
50.000,00

0,00
0,00
50.000,00
50.000,00

0,00
0,00
50.000,00
50.000,00

0,00
0,00
0,00
0,00

0,00
0,00
85.000,00
85.000,00

0,00
0,00
85.000,00
85.000,00

0,00
0,00
85.000,00
85.000,00

0,00
0,00
0,00
0,00

20.000,00
0,00
100.000,00
120.000,00

20.000,00
0,00
100.000,00
120.000,00

20.000,00
0,00
100.000,00
120.000,00

0,00
0,00
0,00
0,00

0,00
0,00
30.000,00
30.000,00

0,00
0,00
30.000,00
30.000,00

0,00
0,00
30.000,00
30.000,00

2.059.000,00

0,00

2.059.000,00

2.059.000,00

0,00

42211000
42210000
31410000

25.000,00
435.000,00
460.000,00

0,00

42211000
42210000
31410000

66_K_005

0,00

0,00
0,00
0,00

0,00

Finanzhaushalt
2.1

2.2

2.3

2.4

2.5

2.6

2.7

2.8

2.9

SP_G-Gehwege

SP_K-Gehwege

SP_S-Gehwege

SP_B-Gehwege

LB_SP_G-Gehwege

LB_SP_S-Gehwege

WX_SP_G-Gehwege

WX_SP_K-Gehwege

CB_SP_B-Gehwege

2.10 GP_SP_G-Gehwege

2.11 MB_SP_G-Gehwege

2.12 SW_SP_G-Gehwege

TI.40511.A66.V
TI.40511.A66.G
TI.40511.A66.B
Summe Ausgaben
TI.40511.E66.705
TI.40611.A66.V
TI.40611.A66.G
TI.40611.A66.B
Summe Ausgaben
TI.40611.E66.705
TI.40711.A66.V
TI.40711.A66.G
TI.40711.A66.B
Summe Ausgaben
TI.40711.E66.705
TI.40811.A66.V
TI.40811.A66.G
TI.40811.A66.B
Summe Ausgaben
TI.40811.E66.705
TI.41313.A66.V
TI.41313.A66.G
TI.41313.A66.B
Summe Ausgaben
TI.41313.E66.705
TI.41413.A66.V
TI.41413.A66.G
TI.41413.A66.B
Summe Ausgaben
TI.41413.E66.705
TI.41513.A66.V
TI.41513.A66.G
TI.41513.A66.B
Summe Ausgaben
TI.41513.E66.705
TI.41613.A66.V
TI.41613.A66.G
TI.41613.A66.B
Summe Ausgaben
TI.41613.E66.705
TI.41713.A66.V
TI.41713.A66.G
TI.41713.A66.B
Summe Ausgaben
TI.41713.E66.705
TI.41813.A66.V
TI.41813.A66.G
TI.41813.A66.B
Summe Ausgaben
TI.41813.E66.705
TI.41913.A66.V
TI.41913.A66.G
TI.41913.A66.B
Summe Ausgaben
TI.41913.E66.705
TI.42013.A66.V
TI.42013.A66.G
TI.42013.A66.B
Summe Ausgaben
TI.42013.E66.705

66_I_005

78520000
78210000
78520000
68110000

66_I_005

0,00

0,00

0,00

0,00

0,00

0,00

0,00

0,00

0,00

0,00

0,00

Eigenmittel (neu)

0,00

0,00

0,00

0,00

0,00

0,00

0,00

0,00

0,00

0,00

0,00

78520000
78210000
78520000
68110000

Gesamt
Eigenmittel (alt)

0,00

78520000
78210000
78520000
68110000

66_I_005

0,00

78520000
78210000
78520000
68110000

66_I_005

0,00

78520000
78210000
78520000
68110000

66_I_005

0,00

78520000
78210000
78520000
68110000

66_I_005

0,00

78520000
78210000
78520000
68110000

66_I_005

0,00

78520000
78210000
78520000
68110000

66_I_005

0,00

78520000
78210000
78520000
68110000

66_I_005

0,00

78520000
78210000
78520000
68110000

66_I_005

0,00

78520000
78210000
78520000
68110000

66_I_005

0,00

78520000
78210000
78520000
68110000

66_I_005

0,00

0,00

0,00

0,00

0,00

0,00

0,00

2.059.000,00 Bei den kleinen Einzelmaßnahmen in den Ortschaften erfolgt zur Vereinfachung nur eine Veranschlagung
auf dem PSP-Element Bau. Eventuell anfallende Planungs- oder Grunderwerbskosten werden dann im
2.059.000,00 Rahmen der Bewirtschaftungseinheit auf den jeweils zutreffenden PSP-Elementen gebucht.

Eigenmittelabweichung

0,00

Seite 1 von 2

Landeshauptstadt Dresden
Straßen- und Tiefbauamt

Anlage 8
Stand: 28.03.2013

Änderung Ergebnis- und Finanzhaushalt 2014 (Werte in Euro)
Nr.

Bezeichnung

TU bzw. TI-Projekt

Zuordnung
Bewirtschaftungseinheit

Sachkonto

Einzahlungen
2014
alt

Einzahlungen
2014
Änderung

Einzahlungen
2014
neu

Auszahlungen
2014
alt

Auszahlungen
2014
Änderung

Auszahlungen
2014
neu

Zuschuss
2014
neu

Ergebnishaushalt
1.1

Unterhaltung Gehwege Gemeindestraßen

TU.00912.A66.V
TU.00912.A66.B
Summe Ausgaben
TU.00912.E66.705

66_K_005

42211000
42210000
31410000

0,00

0,00

0,00
0,00
0,00

25.000,00
460.000,00
485.000,00

25.000,00
460.000,00
485.000,00

25.000,00
460.000,00
485.000,00

32.000,00
0,00
2.000.000,00
2.032.000,00

55.000,00
0,00
-540.000,00
-485.000,00

87.000,00
0,00
1.460.000,00
1.547.000,00

87.000,00
0,00
1.460.000,00
1.547.000,00

3.000,00
0,00
25.000,00
28.000,00

0,00
0,00
0,00
0,00

3.000,00
0,00
25.000,00
28.000,00

3.000,00
0,00
25.000,00
28.000,00

3.000,00
0,00
25.000,00
28.000,00

0,00
0,00
0,00
0,00

3.000,00
0,00
25.000,00
28.000,00

3.000,00
0,00
25.000,00
28.000,00

3.000,00
0,00
25.000,00
28.000,00

0,00
0,00
0,00
0,00

3.000,00
0,00
25.000,00
28.000,00

3.000,00
0,00
25.000,00
28.000,00

2.116.000,00

0,00

2.116.000,00

2.116.000,00

0,00

Finanzhaushalt
2.1

2.2

2.3

2.4

SP_G-Gehwege

SP_K-Gehwege

SP_S-Gehwege

SP_B-Gehwege

TI.40511.A66.V
TI.40511.A66.G
TI.40511.A66.B
Summe Ausgaben
TI.40511.E66.705
TI.40611.A66.V
TI.40611.A66.G
TI.40611.A66.B
Summe Ausgaben
TI.40611.E66.705
TI.40711.A66.V
TI.40711.A66.G
TI.40711.A66.B
Summe Ausgaben
TI.40711.E66.705
TI.40811.A66.V
TI.40811.A66.G
TI.40811.A66.B
Summe Ausgaben
TI.40811.E66.705

66_I_005

78520000
78210000
78520000
68110000

66_I_005

0,00

0,00

0,00

0,00

78520000
78210000
78520000
68110000

66_I_005

0,00

78520000
78210000
78520000
68110000

66_I_005

0,00

0,00

0,00

0,00

78520000
78210000
78520000
68110000

Gesamt

0,00

0,00

0,00

0,00

0,00

0,00

Eigenmittel (alt)

2.116.000,00

Eigenmittel (neu)

2.116.000,00

Eigenmittelabweichung

0,00

Seite 2 von 2

