Anlage 4 Veränderung Planansätze durch Mehr/Minderausgaben sowie veränderte Prioritäten
2013
lfd.
Num
mer

Projektnummer

BWE

Sachkonto

Bezeichnung

Anschrift

HI.4010901.AK.20
HI.4010901.AK.30
1

HI.4010901.AK.40

neu

HI.4010901.AK.50

90. Grundschule
GS_090_Sanieru
78510000
ng_Neubau_Ko
mplex

Kleinlugaer
Str. 25
01259
Dresden

HI.4010901.AK.70
Zwischensumme
HI.4010961.AK.20
HI.4010961.AK.30
2

HI.4010961.AK.40
HI.4010961.AK.50

96. Grundschule
GS_096_Ersatzn
40_I_110 78510000
eubau_Sporthall
e

Liebstädter
Str. 37
01277
Dresden

HI.4010961.AK.70
Zwischensumme

3

70.401096.710.306

Liebstädter
96. Grundschule
Str. 37
40_I_023 07100000 GS_096_Ausstat
01277
tung
Dresden

Zwischensumme

4

HI.4011531.AK.70

neu

153. Grundschule
(Neugründung
Löbtauer Str. /
78510000 Löbtau)
Fröbelstr.
GS_153_Neuba
u_Schulgebäude

Zwischensumme

5

70.230011.700.100

Zwischensumme

153.Grundschule
Löbtau
Grunderwerb für
Neugründung
Löbtauer Str./
78210000 Ankauf/Verkauf
Fröbelstr.
von
Grundstücken
(Liegenschaftsa
mt)

Übertrag aus 2012
Ermächti(*Prüfergeb-nis A gung gesamt
20 02.05.2013)
(alt)

Plan

2014
Ermächti-gung
(neu)

Vorlage

Plan

Ermächtigung
(neu)

Vorlage

0,00

561.109,44

561.109,44

0,00

561.109,44

0,00

0,00

0,00

0,00

1.922.303,42

1.922.303,42

100.000,00

2.022.303,42

0,00

0,00

0,00

0,00

894.461,33

894.461,33

0,00

894.461,33

0,00

0,00

0,00

0,00

650.000,00

650.000,00

0,00

650.000,00

0,00

0,00

0,00

0,00

250.150,00

250.150,00

0,00

250.150,00

0,00

0,00

0,00

0,00

4.278.024,19

4.278.024,19

100.000,00

4.378.024,19

0,00

0,00

0,00

0,00

0,00

0,00

0,00

0,00

0,00

0,00

0,00

0,00

0,00

0,00

0,00

0,00

1.073.750,00

-573.750,00

500.000,00

0,00

0,00

0,00

0,00

0,00

644.250,00

-344.250,00

300.000,00

0,00

0,00

0,00

0,00

0,00

107.400,00

-57.388,00

50.012,00

130.000,00

0,00

130.000,00

0,00

130.000,00

322.100,00

-172.112,00

149.988,00

130.000,00

0,00

130.000,00

0,00

130.000,00

2.147.500,00

-1.147.500,00

1.000.000,00

0,00

0,00

0,00

0,00

0,00

75.000,00

-75.000,00

0,00

0,00

0,00

0,00

0,00

0,00

75.000,00

-75.000,00

0,00

0,00

0,00

0,00

100.000,00

100.000,00

0,00

400.000,00

400.000,00

0,00

0,00

0,00

100.000,00

100.000,00

0,00

400.000,00

400.000,00

3.000.000,00

0,00

3.000.000,00

310.000,00

3.310.000,00

0,00

0,00

0,00

3.000.000,00

0,00

3.000.000,00

310.000,00

3.310.000,00

0,00

0,00

0,00

1

2013
lfd.
Num
mer

6

Projektnummer

HI.4051431.AK.70

BWE

40_I_204

Sachkonto

Bezeichnung

Anschrift

BSZ für
Gastgewerbe
78510000 BSZ_Gast_Sanie 01067
rung_Standortver Dresden
l.

Zwischensumme

7

HI.4051431.AK10

40_I_204

BSZ für
Gastgewerbe
78210000 BSZ_Gast_Grun 01067
derwerb_Standor Dresden
tverl.

Zwischensumme

8

HI.4010103.AK70

Struvestraße
10. Grundschule
10/11
40_I_201 78510000 GS_010_Neuba
01069
u_Sporthalle
Dresden

Zwischensumme

9

HI.4010353.AK.70

35. Grundschule
GS_035_Erweite
40_I_201 78510000
rung_Schulgebäu
de

Clara-ZetkinStraße 20
01159
Dresden

Zwischensumme
HI.4020352.AK.20
HI.4020352.AK.30
10

HI.4020352.AK.40

neu

HI.4020352.AK.50

Clara-Zetkin35. Mittelschule
Straße 20
78510000 MS_035_Teilsan.
01159
_Fachkabinette
Dresden

HI.4020352.AK.70
Zwischensumme
70.402056.710.402
11
70.402056.710.306

56. Mittelschule Cottbuser
40_I_028 07100000 MS_056_Ausstat Straße 34
tung
01129

HI.4030023.AK.20
HI.4030023.AK.30
12

HI.4030023.AK.40
HI.4030023.AK.50
HI.4030023.AK.70

Zwischensumme

40_I_123

Bertolt-BrechtGymnasium
78510000 GYM_BertoltBrecht_Neubau_
Sporthalle

Lortzingstraße
1
01307Dresde
n

Übertrag aus 2012
Ermächti(*Prüfergeb-nis A gung gesamt
20 02.05.2013)
(alt)

Plan

2014
Ermächti-gung
(neu)

Vorlage

Plan

Ermächtigung
(neu)

Vorlage

200.000,00

0,00

200.000,00

-200.000,00

0,00

200.000,00

-200.000,00

0,00

200.000,00

0,00

200.000,00

-200.000,00

0,00

200.000,00

-200.000,00

0,00

1.000.000,00

0,00

1.000.000,00

-1.000.000,00

0,00

0,00

0,00

0,00

1.000.000,00

0,00

1.000.000,00

-1.000.000,00

0,00

0,00

0,00

0,00

0,00

0,00

0,00

50.000,00

50.000,00

0,00

0,00

0,00

0,00

0,00

0,00

50.000,00

50.000,00

0,00

0,00

0,00

0,00

0,00

0,00

100.000,00

100.000,00

200.000,00

-100.000,00

100.000,00

0,00

0,00

0,00

100.000,00

100.000,00

200.000,00

-100.000,00

100.000,00

0,00

0,00

0,00

0,00

0,00

0,00

0,00

0,00

0,00

130.000,00

130.000,00

0,00

130.000,00

0,00

500.000,00

500.000,00

0,00

90.000,00

90.000,00

0,00

90.000,00

0,00

400.000,00

400.000,00

0,00

0,00

0,00

0,00

0,00

0,00

0,00

0,00

0,00

93.657,37

93.657,37

0,00

93.657,37

0,00

100.000,00

100.000,00

0,00
0,00

313.657,37
0,00

313.657,37
0,00

0,00
0,00

313.657,37
0,00

0,00
100.000,00

1.000.000,00
100.000,00

1.000.000,00
200.000,00

0,00

0,00

0,00

0,00

0,00

50.000,00

0,00

50.000,00

0,00

0,00

0,00

0,00

0,00

150.000,00

100.000,00

250.000,00

0,00

0,00

0,00

0,00

0,00

0,00

0,00

0,00

0,00

0,00

0,00

410.000,00

410.000,00

1.000.000,00

0,00

1.000.000,00

0,00

0,00

0,00

0,00

0,00

600.000,00

0,00

600.000,00

0,00

0,00

0,00

0,00

0,00

100.000,00

0,00

100.000,00

400.000,00

348.554,69

748.554,69

0,00

748.554,69

300.000,00

0,00

300.000,00

400.000,00

348.554,69

748.554,69

410.000,00

1.158.554,69

2.000.000,00

0,00

2.000.000,00

2

2013
lfd.
Num
mer

Projektnummer

BWE

Sachkonto

Bezeichnung

Anschrift

HI.4051453.AK.20
HI.4051453.AK.30
13

HI.4051453.AK.40
HI.4051453.AK.50

BSZ Agrar und
Altroßthal 1
Ernährung
40_I_100 78510000
01169
BSZ_AuE_Brand
Dresden
schutz

HI.4051453.AK.70
Zwischensumme

14

HI.4051332.AK.70

neu

BSZ für
Wirtschaft III"
78510000
F.L.Gehe"
BSZ__WIII

Leutewitzer
Ring 141
01108
Dresden

Zwischensumme
HI.4020764.AK.20
HI.4020764.AK.30
15

HI.4020764.AK.40

40_I_117

HI.4020764.AK.50

Leutewitzer
76.Mittelschule
Ring 141
78510000 MS_076_Sanieru
01108
ng Bestandshalle
Dresden

HI.4020764.AK70
Zwischensumme
16

70.402107.710.402

07100000

107. MS

Zwischensumme
HI.4090101.AK.30
17

HI.4090101.AK.40
HI.4090101.AK.50

40_I_136

Pieschen_Kompl
ex_mobile
78510000
Raumeinheiten

HI.4090101.AK.70
Zwischensumme
HI.4090111.AK.20
HI.4090111AK.30
18

HI.4090111.AK.40

40_I_137

Seidnitz_Komple
x_mobilr
78510000
Raumeinheiten

Ausstattung
Schulgebäude

Übertrag aus 2012
Ermächti(*Prüfergeb-nis A gung gesamt
20 02.05.2013)
(alt)

Plan

2014
Ermächti-gung
(neu)

Vorlage

Plan

Ermächtigung
(neu)

Vorlage

0,00

0,00

0,00

0,00

0,00

0,00

0,00

0,00

576.200,00

0,00

576.200,00

0,00

576.200,00

120.000,00

400.000,00

520.000,00

0,00

0,00

0,00

0,00

0,00

0,00

300.000,00

300.000,00

0,00

0,00

0,00

0,00

0,00

0,00

0,00

0,00

0,00

0,00

0,00

50.000,00

50.000,00

0,00

0,00

0,00

576.200,00

0,00

576.200,00

50.000,00

626.200,00

120.000,00

700.000,00

820.000,00

0,00

0,00

0,00

230.000,00

230.000,00

0,00

0,00

0,00

0,00

0,00

0,00

230.000,00

230.000,00

0,00

0,00

0,00

0,00

0,00

0,00

0,00

0,00

0,00

0,00

0,00

150.000,00

500.000,00

650.000,00

0,00

650.000,00

375.000,00

200.000,00

575.000,00

0,00

0,00

0,00

0,00

0,00

225.000,00

0,00

225.000,00

0,00

0,00

0,00

0,00

0,00

0,00

40.000,00

100.000,00

393.789,69

493.789,69

0,00

493.789,69

110.000,00

40.000,00

250.000,00

893.789,69

1.143.789,69

0,00

1.143.789,69

750.000,00

200.000,00

950.000,00

100.000,00

71.492,83

171.492,83

300.000,00

471.492,83

450.000,00

-300.000,00

150.000,00

100.000,00

71.492,83

171.492,83

300.000,00

471.492,83

450.000,00

-300.000,00

150.000,00

0,00

0,00

0,00

0,00

0,00

1.000.000,00

0,00

1.000.000,00

0,00

0,00

0,00

0,00

0,00

600.000,00

0,00

600.000,00

0,00

0,00

0,00

0,00

0,00

100.000,00

0,00

100.000,00

150.000,00

0,00

150.000,00

-150.000,00

0,00

300.000,00

0,00

300.000,00

150.000,00

0,00

150.000,00

-150.000,00

0,00

2.000.000,00

0,00

2.000.000,00

0,00

0,00

0,00

0,00

0,00

0,00

0,00

0,00

0,00

0,00

0,00

0,00

0,00

2.000.000,00

-577.500,00

1.422.500,00

110.000,00

0,00

0,00

0,00

0,00

0,00

1.200.000,00

0,00

1.200.000,00

HI.4090111.AK.50

0,00

0,00

0,00

0,00

0,00

200.000,00

0,00

200.000,00

HI.4090111AK.70

300.000,00

0,00

300.000,00

-300.000,00

0,00

600.000,00

0,00

600.000,00

300.000,00

0,00

300.000,00

-300.000,00

0,00

4.000.000,00

-577.500,00

3.422.500,00

Zwischensumme

3

2013
lfd.
Num
mer

Projektnummer

HI.4030081.AK.20
HI.4030081.AK.30
19

HI.4030081.AK.40
HI.4030081.AK.50
HI.4030081.AK.70

BWE

Sachkonto

Bezeichnung

Gymnasium
DresdenKlotzsche
40_I_127 78510000
GYM_Klotzsche
_Ersatzneubau_
Sporthalle

Anschrift

Karl-Marx-Str.
44
01109
Dresden

Übertrag aus 2012
Ermächti(*Prüfergeb-nis A gung gesamt
20 02.05.2013)
(alt)

Plan

2014
Ermächti-gung
(neu)

Vorlage

Plan

Ermächtigung
(neu)

Vorlage

0,00

0,00

0,00

0,00

0,00

0,00

0,00

0,00

1.200.000,00

489.316,44

1.689.316,44

0,00

1.689.316,44

0,00

0,00

0,00

720.000,00

500.000,00

1.220.000,00

0,00

1.220.000,00

0,00

0,00

0,00

120.000,00

408.908,47

528.908,47

0,00

528.908,47

0,00

0,00

0,00

360.000,00

360.000,00

720.000,00

-77.833,00

642.167,00

0,00

0,00

0,00

4.158.224,91

-77.833,00
77.833,00
0,00

4.080.391,91

0,00

0,00
0,00
0,00

0,00

Reduzierung der Fördermittel 2013 in gleicher Höhe in Anlage 1
Zwischensumme
Zuführung zur Liquiditätsreserve 2013
Saldo

2.400.000,00

HI.4030053.AK.20
HI.4030053.AK.30
20

HI.4030053.AK.40
HI.4030053.AK.50

40_I_125

Gymnasium
Dresden-Cotta
78510000
GYM_Cotta_Neu
bau Sporthalle

Cossebauder
Straße 35
01157
Dresden

HI.4030053.AK.70
Zwischensumme

1.758.224,91

0,00

0,00

0,00

0,00

0,00

0,00

0,00

0,00

2.400.000,00

704.332,44

3.104.332,44

0,00

3.104.332,44

250.000,00

200.000,00

450.000,00

1.440.000,00

81.518,88

1.521.518,88

0,00

1.521.518,88

150.000,00

0,00

150.000,00

240.000,00

349.512,60

589.512,60

0,00

589.512,60

25.000,00

0,00

25.000,00

720.000,00

57.000,00

777.000,00

0,00

777.000,00

75.000,00

35.400,00

110.400,00

4.800.000,00

1.192.363,92

5.992.363,92

0,00

5.992.363,92

500.000,00

235.400,00

735.400,00

Deckung Entnahme Liquiditätsreserve 2014

0,00

-235.400,00

Saldo

0,00

0,00

21

HI.4010021.AK.20
HI.4010021.AK.30
HI.4010021.AK.40
HI.4010021.AK.50
HI.4010021.AK.70

Grundschule
Weixdorf
Am Zollhaus 1
40_I_101 78510000 WX_GS_Weixdo 01108
rf_Erweiterung_ Dresden
Schulgebäude

Zwischensumme
Deckung Entnahme Liquiditätsreserve 2013 / Zuführung 2014
Saldo
HI.4010811.AK.20
HI.4010811.AK.30
81. Grundschule
22 HI.4010811.AK.40
40_I_108 78510000 GS_081_Sanieru
ng_Komplex
HI.4010811.AK.50
HI.4010811.AK.70
Zwischensumme
Deckung Entnahme aus Liquiditätsreserve 2013
Saldo
HI.4030171.AK.20
HI.4030171.AK.30
23 HI.4030171.AK.40
40_I_130 78510000
HI.4030171.AK.50
HI.4030171.AK.70
Zwischensumme
Deckung Entnahme aus Liquiditätsreserve 2013
Saldo

PestalozziGymnasium
GYM_Pestalozzi
_Teilsanierung

Robert-WeberStr. 5
01187
Dresden

Pestalozziplat
z 22
01127
Dresden

0,00
0,00
0,00
250.000,00
0,00
250.000,00
150.000,00
0,00
150.000,00
25.000,00
0,00
25.000,00
75.000,00
196.577,81
271.577,81
Erhöhung der Fördermittel 2013 in gleicher Höhe in Anlage 1
500.000,00
196.577,81
696.577,81

0,00
90.000,00
0,00
0,00
0,00
90.000,00
-90.000,00
0,00

0,00
340.000,00
150.000,00
25.000,00
271.577,81

0,00
0,00
0,00
250.000,00
-90.000,00
160.000,00
150.000,00
-50.000,00
100.000,00
25.000,00
-6.067,00
18.933,00
75.000,00
-26.000,00
49.000,00
Reduzierung der Fördermittel 2013 in gleicher Höhe in Anlage 1
786.577,81
500.000,00
-172.067,00
327.933,00
172.067,00
0,00

0,00
2.183.000,00
1.309.800,00
218.300,00
654.900,00
4.366.000,00

0,00
0,00
0,00
0,00
325.361,66
325.361,66

0,00
2.183.000,00
1.309.800,00
218.300,00
980.261,66
4.691.361,66

0,00
198.961,00
0,00
0,00
0,00
198.961,00
-198.961,00
0,00

0,00
2.381.961,00
1.309.800,00
218.300,00
980.261,66
4.890.322,66

0,00
550.000,00
330.000,00
55.000,00
165.000,00
1.100.000,00

0,00
0,00
0,00
0,00
0,00
0,00
0,00
0,00

0,00
550.000,00
330.000,00
55.000,00
165.000,00
1.100.000,00

0,00
725.000,00
435.000,00
72.500,00
217.500,00
1.450.000,00

0,00
1.272,18
16.702,45
0,00
28.782,52
46.757,15

0,00
726.272,18
451.702,45
72.500,00
246.282,52
1.496.757,15

0,00
47.683,00
0,00
0,00
0,00
47.683,00
-47.683,00
0,00

0,00
773.955,18
451.702,45
72.500,00
246.282,52
1.544.440,15

0,00
0,00
0,00
0,00
0,00
0,00

0,00
0,00
0,00
0,00
0,00
0,00
0,00
0,00

0,00
0,00
0,00
0,00
0,00
0,00

4

2013
lfd.
Num
mer

Projektnummer

BWE

Sachkonto

HI.4030221.AK.20
HI.4030221.AK.30
24 HI.4030221.AK.40
40_I_133 78510000
HI.4030221.AK.50
HI.4030221.AK.70
Zwischensumme
Deckung Entnahme aus Liquiditätsreserve 2013
Saldo

Bezeichnung

Anschrift

Gymnasium
Bürgerwiese
GYM_Bürgerwie
se_Neubau_Ko
mplex

Gret-PaluccaStr. 1
01069
Dresden

Plan

0,00
4.500.000,00
2.700.000,00
450.000,00
1.350.000,00
9.000.000,00

Übertrag aus 2012
Ermächti(*Prüfergeb-nis A gung gesamt
20 02.05.2013)
(alt)
200.000,00
6.800.000,00
2.500.000,00
598.267,05
396.645,80
10.494.912,85

200.000,00
11.300.000,00
5.200.000,00
1.048.267,05
1.746.645,80
19.494.912,85

Minderauszahlungen
Mehrauszahlung
Differenz = Entnahme Liquiditätsreserve
darunter:

2014
Ermächti-gung
(neu)

Vorlage

0,00
0,00
0,00
0,00
0,00
0,00
0,00
0,00

200.000,00
11.300.000,00
5.200.000,00
1.048.267,05
1.746.645,80
19.494.912,85

Plan

0,00
1.500.000,00
900.000,00
150.000,00
450.000,00
3.000.000,00

-1.727.833,00
1.986.644,00
258.811,00
Nr. 19
Nr. 21
Nr. 22
Nr. 23

-77.833,00
90.000,00
198.961,00
47.683,00

Saldo gesamt Anlage 4

0,00

5

Ermächtigung
(neu)

Vorlage

0,00
300.000,00
0,00
0,00
0,00
300.000,00
-300.000,00
0,00

-2.572.067,00
2.935.400,00
363.333,00
Nr. 21
Nr. 20
Nr. 24

-172.067,00
235.400,00
300.000,00

0,00

0,00
1.800.000,00
900.000,00
150.000,00
450.000,00
3.300.000,00

