5
5
5

5
5
5
5
5

15 25

1.67

175

90

4.135

1.26
2.30

BRH 0.00

lichte Öffnung

15 24

Vordach

75

75

175

Revi

8.35

3.43

6.02

24

1.26
2.30
12.80

3.035

5
1.20 12

12.83

125

175

42

24

WM

3.73

2xDusche

1.26
2.135

4.61
4.36

24

1.01

BRH 0.00

3.185

Fluchttreppe

4.00

125
865

125

lichter Durchgang

1.00

1.70

1.26
2.30

3.60

4.50

Tor RW

3.50
4.50

5.50

lichter Durchgang

1.00

Vordach

90

1.35

50

15

30

1.30

25 15

3

3

3

33

15

3.60

Stiefelwäsche

50 25 50

2.20

25

2.10

2.02

BRH 1.50

50

4.50

40

90

20.76

1.00

20.02

20.35

2.02

BRH 1.50

Tor 1 FW

3.50
4.50

4.80

3.60

20.88

2.53

4.50

Tor 2 FW

3.50
4.50

4.10

3.60

2.02

BRH 1.50

50

1.00

40

90

2.02

BRH 1.50

4.50

Tor 3 FW

3.50
4.50

4.80

3.60

2.73

Vordach

41

25

8 25 8

8

25 20

25 8

50 25

1.00

95

5
5
5
5
5
5
5
5

15

39

15

15

5

1.25

3.01

1.01
2.135

BRH 0.00

2.25

A = 30.76 m²
Betonwerkstein R10

5
125 28 1.01

18 Stg.
17.5/28.0cm

18 Stg.
17.5/28.0cm

95

1.23

1.01

12.80

12.20

1.25

2.02

1.01 15
2.135

BRH 1.50

125

12.80

2.02

3.485

BRH 1.00

80/60/240

2.49

125

FW 023
Fluchtbalkon

lichte Öffnung

1.22

1.08

1.08
2.65

1.26

90

3.16

24

2.25

A = 4.73 m²
Gitterrost

80/60/240

FW 024
Fluchttreppe

5

54 12

25
1.01

76 15
2.135

BRH 1.50

1.01

2.165

1.25

3.96

33

15

24 3 30

3

24 30

75

24

15

15

1.22 5 24

18 Stg.
17.5/28.0cm

BRH 1.50

2.02

2.71

Vordach

5.68

25
4.80

20.78

20.35

20.58

20.25

20.02

20.78
40
4.10

40

4.60

20

41

25

25

8 25 8

41

55

