Landeshauptstadt Dresden
Straßen- und Tiefbauamt

Anlage 2

Änderung Finanzhaushalt 2013 (Werte in Euro)
Nr.

Bezeichnung

Produkt,
TU bzw. TI-Projekt

Zuordnung
Bewirtschaftungseinheit

Sachkonto

2.0

Allgemeine investive Einzahlungen Amt 66

70.660000.705.019

68110000

2.1

Brücke Budapester Straße

TI.30709.A66.V
TI.30709.A66.G
TI.30709.A66.B
Summe Auszahlungen
TI.30709.E66.705

78520000
78210000
78520000

TI.22110.A66.V
TI.22110.A66.G
TI.22110.A66.B
Summe Auszahlungen
TI.22110.E66.705

78520000
78210000
78520000

2.2

2.3

2.4

2.5

2.6

2.7

2.8

2.9

Fetscherstraße, 1. BA

Borsbergstraße/Schandauer Straße

AS A17/ B 173 Kesselsdorfer Straße

Schandauer Straße, 2./ 3. BA

SP_K-Einzelmaßnahmen Straße

SP_S-Einzelmaßnahmen Straße

Verkehrszug Rochwitz/Buslinie 84/BA4

WX_Sommerhochwasser

TI.20110.A66.V
TI.20110.A66.G
TI.20110.A66.B
Summe Auszahlungen
TI.20110.E66.705
TI.22410.A66.V
TI.22410.A66.G
TI.22410.A66.B
Summe Auszahlungen
TI.22410.E66.705
TI.23510.A66.V
TI.23510.A66.G
TI.23510.A66.B
Summe Auszahlungen
TI.23510.E66.705
TI.40211.A66.V
TI.40211.A66.G
TI.40211.A66.B
Summe Auszahlungen
TI.40211.E66.705
TI.40311.A66.V
TI.40311.A66.G
TI.40311.A66.B
Summe Auszahlungen
TI.40311.E66.705
TI.41410.A66.V
TI.41410.A66.G
TI.41410.A66.B
Summe Auszahlungen
TI.41410.E66.705
TI.42811.A66.V
TI.42811.A66.G
TI.42811.A66.B
Summe Auszahlungen
TI.42811.E66.705

68110000

66_I_003

68110000

66_I_007

73.649,00

0,00

0,00

0,00

0,00

0,00

0,00

0,00

0,00

0,00

20.000,00

0,00

0,00

20.000,00

0,00

0,00

0,00

0,00

20.150,00

0,00

9.000,00

Seite 1 von 2

0,00

Zuschuss
2013
neu

0,00

0,00

0,00

0,00

-1.461.854,00

0,00
0,00
0,00
0,00

0,00
0,00
454.329,86
454.329,86

0,00
0,00
188.640,00
188.640,00

0,00
0,00
642.969,86
642.969,86

76.004,86

0,00
0,00
0,00
0,00

20.742,13
0,00
467.310,09
488.052,22

0,00
0,00
73.649,00
73.649,00

20.742,13
0,00
540.959,09
561.701,22

488.052,22

0,00
0,00
0,00
0,00

131.094,46
558.099,09
6.631.480,78
7.320.674,33

150.000,00
0,00
0,00
150.000,00

281.094,46
558.099,09
6.631.480,78
7.470.674,33

7.470.674,33

0,00
0,00
0,00
0,00

19.206,31
110,00
180.809,57
200.125,88

0,00
45.000,00
200.000,00
245.000,00

19.206,31
45.110,00
380.809,57
445.125,88

445.125,88

0,00
0,00
0,00
0,00

74.054,75
0,00
0,00
74.054,75

25.000,00
0,00
100.000,00
125.000,00

99.054,75
0,00
100.000,00
199.054,75

199.054,75

10.000,00
0,00
50.000,00
60.000,00

25.634,99
18.778,85
57.869,72
102.283,56

10.000,00
0,00
45.000,00
55.000,00

45.634,99
18.778,85
152.869,72
217.283,56

197.283,56

10.000,00
0,00
50.000,00
60.000,00

0,00
2.436,30
158.363,27
160.799,57

31.500,00
0,00
70.000,00
101.500,00

41.500,00
2.436,30
278.363,27
322.299,57

302.299,57

0,00
0,00
0,00
0,00

0,00
23.074,37
71.899,40
94.973,77

4.373,25
0,00
232.405,75
236.779,00

4.373,25
23.074,37
304.305,15
331.752,77

311.602,77

0,00
0,00
0,00
0,00

5.541,56
0,00
96.000,00
101.541,56

0,00
0,00
195.000,00
195.000,00

5.541,56
0,00
291.000,00
296.541,56

287.541,56

73.649,00

0,00

0,00

0,00

20.000,00

20.000,00

20.150,00

78520000
78210000
78520000
68110000

Auszahlungen Auszahlungen Auszahlungen Auszahlungen
2013
2013
2013
2013
alt
HAR+Üpl/Apl
Änderung
neu

566.965,00

78520000
78210000
78520000
68110000

66_I_005

0,00

288.640,00

1.461.854,00

78520000
78210000
78520000
68110000

66_I_005

0,00

278.325,00

-100.000,00

78520000
78210000
78520000
68110000

66_I_005

0,00

-438.146,00

Einzahlungen
2013
neu

78520000
78210000
78520000
68110000

66_I_005

2.000.000,00

Einzahlungen
2013
Änderung

78520000
78210000
78520000
68110000

66_I_007

Einzahlungen
2013
HER+Üpl/Apl

78520000
78210000
78520000
68110000

66_I_020

Einzahlungen
2013
alt

9.000,00

Landeshauptstadt Dresden
Straßen- und Tiefbauamt

Anlage 2

Änderung Finanzhaushalt 2013 (Werte in Euro)
Nr.

Bezeichnung

2.10 Busparkplatz Carolabrücke

2.11 SP_Radwege an Bundesstraßen

2.12 SP_Radwege an Gemeindestraßen

2.13 SP_G-Radwegenetz

Produkt,
TU bzw. TI-Projekt

TI.51710.A66.V
TI.51710.A66.G
TI.51710.A66.B
Summe Auszahlungen
TI.51710.E66.705
TI.50412.A66.V
TI.50412.A66.G
TI.50412.A66.B
Summe Auszahlungen
TI.50412.E66.705
TI.50112.A66.V
TI.50112.A66.G
TI.50112.A66.B
Summe Auszahlungen
TI.50112.E66.705
TI.50111.A66.V
TI.50111.A66.G
TI.50111.A66.B
Summe Auszahlungen
TI.50111.E66.705

Zuordnung
Bewirtschaftungseinheit

66_I_005

Sachkonto

Einzahlungen
2013
neu

0,00

120.780,00

0,00

0,00

0,00

0,00

0,00

70.066,00

0,00

0,00

0,00

350.000,00

Gesamt

2.390.000,00

40.025,00

282.439,00

2.712.464,00

Eigenmittel (alt)

9.146.163,31

Eigenmittelabweichung

10.257.292,31
1.111.129,00

Seite 2 von 2

0,00
0,00
0,00
0,00

19.727,64
25.000,00
279.034,07
323.761,71

0,00
0,00
23.000,00
23.000,00

19.727,64
25.000,00
302.034,07
346.761,71

225.981,71

0,00
0,00
0,00
0,00

7.531,10
0,00
100.000,00
107.531,10

25.000,00
0,00
395.000,00
420.000,00

32.531,10
0,00
495.000,00
527.531,10

527.531,10

0,00
0,00
0,00
0,00

77.306,57
0,00
870.521,05
947.827,62

-25.000,00
0,00
-225.000,00
-250.000,00

52.306,57
0,00
645.521,05
697.827,62

627.761,62

70.000,00
25.000,00
1.050.000,00
1.145.000,00

91.609,08
2.618,15
-158.994,85
-64.767,62

0,00
0,00
-170.000,00
-170.000,00

161.609,08
27.618,15
721.005,15
910.232,38

560.232,38

1.265.000,00

10.311.188,31

1.393.568,00

12.969.756,31

10.257.292,31

70.066,00

350.000,00

Eigenmittel (neu)

Zuschuss
2013
neu

0,00

78520000
78210000
78520000
68110000

Auszahlungen Auszahlungen Auszahlungen Auszahlungen
2013
2013
2013
2013
alt
HAR+Üpl/Apl
Änderung
neu

120.780,00

78520000
78210000
78520000
68110000

66_I_006

Einzahlungen
2013
Änderung

78520000
78210000
78520000
68110000

66_I_025

Einzahlungen
2013
HER+Üpl/Apl

78520000
78210000
78520000
68110000

66_I_025

Einzahlungen
2013
alt

Die Deckung der benötigten Eigenmittel erfolgt durch Entnahme aus der Liquiditätsreserve in Höhe
von 1.111.129,00 Euro. Die Mittel resultieren aus außerplanmäßigen Mehreinzahlungen Ende 2012 für
die Baumaßnahme "AS A17/ B 173 Kesselsdorfer Straße" in Höhe von 2.211.129,00 Euro.

