Anlage 2
IST/ Prognose Fallzahlen 2013
KalJahr/Monat
§ 20
§ 27
§ 28
§ 29
§ 30
§ 31
§ 35
ambulante HzE Gesamt
§ 32
teilstationäre HzE Gesamt
§ 19
§ 33
Kostenerstattung
Ausgaben § 35 a
§ 34 Heim
§ 34 betreutes Einzelwohnen
§ 35 stationär
Kostenerstattung
Ausgaben
stationäre HzE Gesamt
§ 35a ambulant
§ 35a teilstationär
§ 35a stationär
Eingliederungshilfe Gesamt
Gesamt

Prognose 2013

Jan 13
2
10
6
0
114
482
0
614
27
27
36
234

Feb 13
2
9
8
0
105
484
0
608
24
24
39
237

Mrz 13
2
11
8
0
101
482
0
604
25
25
38
246

Apr 13
2
12
8
0
106
493
0
621
23
23
40
246

Mai 13
2
11
8
0
111
502
0
634
26
26
40
253

Jun 13
2
11
10
0
115
518
0
656
25
25
40
258

1

1

1

1

1

460
15
2

471
16
2

467
14
1

468
17
1

95

96

98

843
83
4
95
182
1.666

862
88
5
89
182
1.676

865
86
6
86
178
1.672

Jul 13

∅ Fallzahl

1
9
12
0
117
517
0
656
26
26
41
267

Aug 13
2
7
11
0
134
526
0
680
26
26
41
272

Sep 13
2
10
12
0
145
533
0
702
24
24
41
276

Okt 13
2
9
12
0
145
538
0
706
24
24
42
275

Nov 13
3
9
12
0
144
537
0
705
25
25
43
274

Dez 13
3
8
12
0
142
536
0
701
26
26
45
273

1

1

1

1

1

1

1

1

466
17
0

475
19
0

482
18
0

480
20
0

493
21
0

500
20
0

497
22
0

495
21
0

479
18
1

95

93

93

91

92

87

86

86

87

92

868
84
7
86
177
1.689

870
87
8
92
187
1.717

886
90
7
95
192
1.759

900
78
7
96
181
1.763

906
103
7
96
206
1.818

919
116
8
97
221
1.866

923
117
8
97
223
1.876

923
118
8
96
222
1.875

922
118
8
95
220
1.869

891
97
7
93
198
1.770

2
10
10
0
123
512
0
657
25
25
40
259

Stand: 16.10.2013

