Anlage 1 ergänzt Anpassung Ein- und Auszahlungen an Fördermittelbewilligung, Mittelabfluss, Minder- und Mehrauszahlungen
2013
Lfd. Nr.

Projektnummer

BWE

Sachkonto

Bezeichnung

Anschrift

Übertrag aus
2012

Plan

2015

2014

Veränderungen
aus üpl/apl und
SR/057/2013

Vorlage Pkt. 1

Ermächtigung
neu

Veränderungen
aus SR/057/2013*

Plan

Vorlage Pkt. 1

Ermächtigung
neu

Plan

Vorlage Pkt. 2

Ermächtigung
neu

1

Auszahlungen

1

Einzahl.

*SAP-technisch nicht vollzogen
6. Grundschule
Fetscherstr. 2
68110000 GS_006_Sanierung_Schul
01307 Dresden
gebäude

HI.4010061.E7.05

926.781,00

1.500.000,00

0,00

292.471,00

1.792.471,00

1.130.000,00

-1.130.000,00

0,00
0,00

0,00

0,00

426.781,00

926.781,00

1.500.000,00

0,00

292.471,00

1.792.471,00

1.130.000,00

-1.130.000,00

0,00

445.857,54

0,00

0,00

445.857,54

0,00

0,00

0,00

0,00

0,00

0,00

0,00

250.000,00

900.000,00

120.000,00

426.781,00

1.696.781,00

1.300.000,00

0,00

452.500,00

1.752.500,00

1.182.500,00

-1.182.500,00

0,00

150.000,00

900.000,00

0,00

0,00

1.050.000,00

780.000,00

0,00

1.301.971,00

2.081.971,00

709.500,00

-709.500,00

0,00

25.000,00

300.000,00

0,00

0,00

325.000,00

130.000,00

0,00

218.250,00

348.250,00

118.250,00

-118.250,00

0,00

HI.4010061.AK.70

75.000,00

666.475,61

0,00

0,00

741.475,61

390.000,00

0,00

534.750,00

924.750,00

354.750,00

-354.750,00

0,00

Zwischensumme

500.000,00

3.212.333,15

120.000,00

426.781,00

4.259.114,15

2.600.000,00

0,00

2.507.471,00

5.107.471,00

2.365.000,00

-2.365.000,00

0,00

HI.4010061.AK.30
HI.4010061.AK.40
HI.4010061.AK.50

6. Grundschule
Fetscherstr. 2
40_I_102 78510000 GS_006_Sanierung_Schul
01307 Dresden
gebäude

Auszahlungen

6. Grundschule
HI.4010082.AK.20

Auszahlungen

-1.235.000,00

0,00

0,00

0,00

0,00

0,00

0,00

0,00

0,00

0,00

0,00

0,00

0,00

0,00

0,00

0,00

0,00

0,00

0,00

0,00

0,00

0,00

0,00

0,00

0,00

0,00

0,00

0,00

0,00

0,00

0,00

0,00

0,00

0,00

0,00

0,00

0,00

0,00

0,00

0,00

0,00

0,00

0,00

0,00

0,00

0,00

0,00

0,00

0,00

HI.4010082.AK.70

0,00

0,00

50.000,00

0,00

50.000,00

0,00

0,00

100.000,00

100.000,00

0,00

0,00

0,00

Zwischensumme

0,00

0,00

50.000,00

0,00

50.000,00

0,00

0,00

100.000,00

100.000,00

0,00

0,00

0,00

HI.4010082.AK.30
HI.4010082.AK.40

neu

HI.4010082.AK.50

8. Grundschule
Konkordienstr. 12
78510000 GS_008_Sanierung_Schul
01127 Dresden
gebäude

0,00

HI.4010103.AK.20

100.000,00

0,00

0,00

0,00

0,00

0,00

0,00

0,00

0,00

0,00

0,00

0,00

0,00

0,00

0,00

0,00

0,00

0,00

0,00

0,00

0,00

0,00

0,00

0,00

0,00

0,00

0,00

0,00

0,00

0,00

0,00

0,00

0,00

0,00

0,00

0,00

0,00

0,00

0,00

0,00

0,00

0,00

0,00

0,00

0,00

0,00

0,00

0,00

0,00

0,00

HI.4010103.AK.70

0,00

0,00

50.000,00

0,00

50.000,00

0,00

0,00

150.000,00

150.000,00

0,00

0,00

0,00

Zwischensumme

0,00

0,00

50.000,00

0,00

50.000,00

0,00

0,00

150.000,00

150.000,00

0,00

0,00

0,00

HI.4010103.AK.30
HI.4010103.AK.40
HI.4010103.AK.50

keine

10. Grundschule
Struvestr. 11
78510000 GS_010_Neubau_Sporthal
01069 Dresden
le

0,00

10. Grundschule

Auszahlungen

2.215.000,00

0,00

8. Grundschule

Auszahlungen

4

426.781,00

500.000,00

Saldo

4

0,00

HI.4010061.AK.20

Saldo

3

0,00

Zwischensumme

Saldo

2

500.000,00

HI.4010122.AK.20

150.000,00

0,00

0,00

0,00

0,00

0,00

0,00

0,00

0,00

0,00

0,00

0,00

0,00

0,00

0,00

0,00

0,00

0,00

0,00

0,00

0,00

0,00

0,00

750.000,00

-750.000,00

0,00

0,00

0,00

0,00

0,00

0,00

0,00

0,00

0,00

0,00

450.000,00

-450.000,00

0,00

0,00

0,00

0,00

0,00

0,00

0,00

0,00

0,00

0,00

75.000,00

-75.000,00

0,00

HI.4010122.AK.70

200.000,00

0,00

0,00

-200.000,00

0,00

150.000,00

0,00

-150.000,00

0,00

225.000,00

-225.000,00

0,00

Zwischensumme

200.000,00

0,00

0,00

-200.000,00

0,00

150.000,00

0,00

-150.000,00

0,00

1.500.000,00

-1.500.000,00

0,00

HI.4010123.AK.20

0,00

0,00

0,00

0,00

0,00

0,00

0,00

0,00

0,00

0,00

0,00

0,00

0,00

0,00

0,00

0,00

0,00

0,00

0,00

0,00

0,00

425.000,00

750.000,00

1.175.000,00

0,00

0,00

0,00

0,00

0,00

0,00

0,00

0,00

0,00

255.000,00

450.000,00

705.000,00

0,00

0,00

0,00

0,00

0,00

0,00

0,00

0,00

0,00

42.500,00

75.000,00

117.500,00

HI.4010123.AK.70

100.000,00

0,00

0,00

200.000,00

300.000,00

150.000,00

0,00

150.000,00

300.000,00

127.500,00

225.000,00

352.500,00

Zwischensumme

100.000,00

0,00

0,00

200.000,00

300.000,00

150.000,00

0,00

150.000,00

300.000,00

850.000,00

1.500.000,00

2.350.000,00

HI.4010122.AK.30
HI.4010122.AK.40
HI.4010122.AK.50

HI.4010123.AK.30
HI.4010123.AK.40
HI.4010123.AK.50

12. Grundschule
Hebbelstr. 20
40_I_201 78510000 GS_012_Sanierung_Sport
01157 Dresden
halle

12. Grundschule
Hebbelstr. 20
40_I_201 78510000 GS_012_Erweiterung_Sch
01157 Dresden
ulgebäude

Planansatz 2015 in Sammelprojekt HI.4019001

5

HI.4010152.AK.50
HI.4010152.AK.70

15. Grundschule
Görlitzer Str. 8
61_I_111 78510000 SGÄN_Schulsportpl.Seifhe
01099 Dresden
nnersd.Str.

Zwischensumme

Saldo

120.100,00

111.961,85

0,00

299.958,00

HI.4010333.AK.20

0,00

532.019,85

0,00

0,00

0,00

0,00

0,00

0,00

0,00

0,00

0,00

59.160,82

0,00

0,00

59.160,82

0,00

0,00

0,00

0,00

0,00

0,00

0,00

120.100,00

171.122,67

0,00

299.958,00

591.180,67

0,00

0,00

0,00

0,00

0,00

0,00

0,00

299.958,00

15. Grundschule

Auszahlungen

Saldo

6

0,00

12. Grundschule
Auszahl.

Saldo

0,00

0,00

0,00

0,00

0,00

0,00

0,00

0,00

0,00

0,00

0,00

0,00

0,00

0,00

0,00

0,00

0,00

0,00

0,00

1.000.000,00

0,00

-750.000,00

250.000,00

1.100.000,00

750.000,00

1.850.000,00

0,00

0,00

0,00

0,00

0,00

600.000,00

0,00

-525.000,00

75.000,00

660.000,00

525.000,00

1.185.000,00

0,00

0,00

0,00

0,00

0,00

100.000,00

0,00

-100.000,00

0,00

110.000,00

100.000,00

210.000,00

HI.4010333.AK.70

200.000,00

295.665,29

0,00

0,00

495.665,29

300.000,00

0,00

-125.000,00

175.000,00

330.000,00

125.000,00

455.000,00

Zwischensumme

200.000,00

295.665,29

0,00

0,00

495.665,29

2.000.000,00

0,00

-1.500.000,00

500.000,00

2.200.000,00

1.500.000,00

3.700.000,00

HI.4010333.AK.30
HI.4010333.AK.40
HI.4010333.AK.50

33. Grundschule
Marienberger Str. 5
40_I_104 78510000 GS_033_Teilsanierung_Sc
01279 Dresden
hulgebäude

0,00

33. Grundschule

1

-1.500.000,00

1.500.000,00

Lfd. Nr.

Projektnummer

BWE

Sachkonto

Bezeichnung

Anschrift

Übertrag aus
2012

Plan

Veränderungen
aus üpl/apl und
SR/057/2013

Vorlage Pkt. 1

Ermächtigung
neu

Veränderungen
aus SR/057/2013*

Plan

Vorlage Pkt. 1

Ermächtigung
neu

Plan

Vorlage Pkt. 2

Ermächtigung
neu

7

Auszahlungen

*SAP-technisch nicht vollzogen
HI.4010492.AK.20

0,00

0,00

0,00

0,00

0,00

0,00

0,00

0,00

0,00

0,00

0,00

0,00

0,00

0,00

0,00

0,00

0,00

0,00

0,00

1.250.000,00

1.250.000,00

0,00

0,00

0,00

0,00

0,00

0,00

0,00

0,00

0,00

0,00

875.000,00

875.000,00

0,00

0,00

0,00

0,00

0,00

0,00

0,00

0,00

0,00

0,00

0,00

0,00

0,00

0,00

0,00

HI.4010492.AK.70

0,00

0,00

0,00

50.000,00

50.000,00

0,00

0,00

375.000,00

375.000,00

0,00

0,00

0,00

Zwischensumme

0,00

0,00

0,00

50.000,00

50.000,00

0,00

0,00

2.500.000,00

2.500.000,00

0,00

0,00

0,00

HI.4010492.AK.30
HI.4010492.AK.40

neu

HI.4010492.AK.50

49. Grundschule
Bernhardstr. 80
78510000 GS_049_Teilsanierung_Sc
01187 Dresden
hulgebäude

8

Auszahlungen

8

70. Grundschule
Südhöhe 31
68110000 GS_070_Sanierung_Komp
01217 Dresden
lex

HI.4010702.E7.05

0,00

-218.422,00

781.578,00

0,00

0,00

0,00
0,00

0,00

0,00

338.540,00

1.071.040,00

1.000.000,00

0,00

-218.422,00

781.578,00

0,00

0,00

70.000,00

0,00

0,00

70.000,00

0,00

0,00

0,00

0,00

0,00

0,00

0,00

1.125.000,00

200.000,00

0,00

338.540,00

1.663.540,00

1.000.000,00

0,00

-218.422,00

781.578,00

0,00

0,00

0,00

675.000,00

0,00

0,00

0,00

675.000,00

600.000,00

0,00

0,00

600.000,00

0,00

0,00

0,00

112.500,00

0,00

0,00

0,00

112.500,00

100.000,00

0,00

0,00

100.000,00

0,00

0,00

0,00

HI.4010702.AK.70

337.500,00

236.029,53

0,00

0,00

573.529,53

300.000,00

0,00

0,00

300.000,00

0,00

0,00

0,00

Zwischensumme

2.250.000,00

506.029,53

0,00

338.540,00

3.094.569,53

2.000.000,00

0,00

-218.422,00

1.781.578,00

0,00

0,00

0,00

HI.4010702.AK.30
HI.4010702.AK.40
HI.4010702.AK.50

70. Grundschule
Südhöhe 31
40_I_107 78510000 GS_070_Sanierung_Komp
01217 Dresden
lex

0,00

Einzahl.

89. Grundschule
Sosaer Str. 10
68110000 GS_089_Sanierung_Komp
01257 Dresden
lex

HI.4010891.E7.05

Einzahl.
Ausz.

0,00

0,00

0,00

252.143,00

252.143,00

1.000.000,00

0,00

695.596,00

1.695.596,00

1.233.000,00

-1.233.000,00

0,00

Zwischensumme

0,00

0,00

0,00

252.143,00

252.143,00

1.000.000,00

0,00

695.596,00

1.695.596,00

1.233.000,00

-1.233.000,00

0,00

HI.4010891.AK.20

0,00

0,00

0,00

0,00

0,00

0,00

0,00

0,00

0,00

0,00

0,00

0,00

300.000,00

100.000,00

0,00

252.143,00

652.143,00

1.500.000,00

0,00

1.331.300,00

2.831.300,00

1.600.000,00

-1.600.000,00

0,00

0,00

90.000,00

0,00

285.261,00

375.261,00

900.000,00

0,00

798.800,00

1.698.800,00

960.000,00

-960.000,00

0,00

0,00

0,00

0,00

0,00

0,00

150.000,00

0,00

133.100,00

283.100,00

160.000,00

-160.000,00

0,00

HI.4010891.AK.70

400.000,00

407.868,88

0,00

0,00

807.868,88

450.000,00

0,00

399.396,00

849.396,00

480.000,00

-480.000,00

0,00

Zwischensumme

700.000,00

597.868,88

0,00

537.404,00

1.835.272,88

3.000.000,00

0,00

2.662.596,00

5.662.596,00

3.200.000,00

-3.200.000,00

0,00

HI.4010891.AK.30
HI.4010891.AK.40
HI.4010891.AK.50

89. Grundschule
Sosaer Str. 10
40_I_109 78510000 GS_089_Sanierung_Komp
01257 Dresden
lex

285.261,00

103. Grundschule
68110000 GS_103_Ersatzneubau_S
porthalle

HI.4011032.E7.05

Hohnsteiner Str. 8
01099 Dresden

1.967.000,00

-1.967.000,00

150.000,00

0,00

0,00

-150.000,00

0,00

724.000,00

0,00

-724.000,00

0,00

0,00

0,00

0,00

Zwischensumme

150.000,00

0,00

0,00

-150.000,00

0,00

724.000,00

0,00

-724.000,00

0,00

0,00

0,00

0,00

HI.4011032.AK.20

0,00

0,00

0,00

0,00

0,00

0,00

0,00

0,00

0,00

0,00

0,00

0,00

0,00

0,00

0,00

0,00

0,00

1.072.500,00

0,00

-924.000,00

148.500,00

0,00

400.000,00

400.000,00

0,00

0,00

0,00

0,00

0,00

643.500,00

0,00

-500.000,00

143.500,00

0,00

240.000,00

240.000,00

0,00

0,00

0,00

0,00

0,00

107.250,00

0,00

-100.000,00

7.250,00

0,00

40.000,00

40.000,00

HI.4011032.AK.70

280.000,00

128.601,25

0,00

-150.000,00

258.601,25

171.750,00

0,00

0,00

171.750,00

0,00

120.000,00

120.000,00

Zwischensumme

280.000,00

128.601,25

0,00

-150.000,00

258.601,25

1.995.000,00

0,00

-1.524.000,00

471.000,00

0,00

800.000,00

800.000,00

HI.4011032.AK.30
HI.4011032.AK.40
HI.4011032.AK.50

103. Grundschule
40_I_111 78510000 GS_103_Ersatzneubau_S
porthalle

Hohnsteiner Str. 8
01099 Dresden

0,00

103. Grundschule

70.401103.710.306

keine

07100000

103. Grundschule
GS_103_Ausstattung

Hohnsteiner Str. 8
01099 Dresden

HI.4011132.AK.20

-800.000,00

800.000,00

0,00

0,00

0,00

0,00

0,00

75.000,00

0,00

-75.000,00

0,00

0,00

75.000,00

75.000,00

0,00

0,00

0,00

0,00

0,00

75.000,00

0,00

-75.000,00

0,00

0,00

75.000,00

75.000,00

0,00

103. Grundschule

Auszahlungen

0,00

0,00

Saldo

Saldo

1.000.000,00

0,00

Zwischensumme

12

1.071.040,00

732.500,00

Saldo

11

338.540,00

89. Grundschule

Auszahlungen

10

0,00

HI.4010702.AK.20

Saldo

10

0,00

0,00

70. Grundschule

Auszahlungen

9

732.500,00

2.500.000,00

Zwischensumme

Saldo

9

50.000,00

49. Grundschule
Einzahl.

Saldo

-75.000,00

75.000,00

0,00

0,00

0,00

0,00

0,00

0,00

0,00

0,00

0,00

0,00

0,00

0,00

0,00

0,00

0,00

0,00

0,00

0,00

0,00

1.250.000,00

1.250.000,00

0,00

0,00

0,00

0,00

0,00

0,00

0,00

0,00

0,00

0,00

875.000,00

875.000,00

0,00

0,00

0,00

0,00

0,00

0,00

0,00

0,00

0,00

0,00

0,00

0,00

0,00

0,00

0,00

HI.4011132.AK.70

0,00

0,00

0,00

50.000,00

50.000,00

0,00

0,00

375.000,00

375.000,00

0,00

0,00

0,00

Zwischensumme

0,00

0,00

0,00

50.000,00

50.000,00

0,00

0,00

2.500.000,00

2.500.000,00

0,00

0,00

0,00

HI.4011132.AK.30
HI.4011132.AK.40
HI.4011132.AK.50

neu

113. Grundschule
Georg-Nerlich-Str. 1
78510000 GS_113_Teilsanierung_Sc
01307 Dresden
hulgebäude

50.000,00

113. Grundschule

2

2.500.000,00

0,00

Lfd. Nr.

Projektnummer

BWE

Sachkonto

Bezeichnung

Anschrift

Übertrag aus
2012

Plan

Veränderungen
aus üpl/apl und
SR/057/2013

Vorlage Pkt. 1

Ermächtigung
neu

Veränderungen
aus SR/057/2013*

Plan

Vorlage Pkt. 1

Ermächtigung
neu

Plan

Vorlage Pkt. 2

Ermächtigung
neu

13

Einzahl.

*SAP-technisch nicht vollzogen
HI.4011441.E7.05

144. Grundschule
Micktner Str. 10
68110000 GS_144_Pieschen_Neuba
01139 Dresden
u_Komplex

0,00

78210000

Zwischensumme

13

Auszahlungen

HI.4011441.AK.10
HI.4011441.AK.20
HI.4011441.AK.30
HI.4011441.AK.40

Saldo

-1.466.798,00

1.453.202,00

0,00

0,00

0,00

0,00

0,00

800.000,00

850.000,00

1.650.000,00

3.720.000,00

-800.000,00

-1.466.798,00

1.453.202,00

0,00

0,00

0,00

0,00

64.981,74

0,00

0,00

64.981,74

0,00

0,00

0,00

0,00

0,00

0,00

0,00

0,00

0,00

0,00

0,00

0,00

0,00

0,00

0,00

0,00

0,00

0,00

0,00

1.000.000,00

0,00

350.000,00

350.000,00

1.700.000,00

3.650.000,00

-350.000,00

-750.000,00

2.550.000,00

0,00

0,00

0,00
0,00

210.000,00

200.000,00

1.010.000,00

2.190.000,00

-210.000,00

-400.000,00

1.580.000,00

0,00

0,00

0,00

0,00

100.000,00

200.000,00

365.000,00

0,00

-100.000,00

265.000,00

0,00

0,00

0,00

HI.4011441.AK.70

300.000,00

251.024,24

240.000,00

200.000,00

991.024,24

1.095.000,00

-240.000,00

-216.798,00

638.202,00

0,00

0,00

0,00

Zwischensumme

2.000.000,00

316.005,98

800.000,00

850.000,00

3.966.005,98

7.300.000,00

-800.000,00

-1.466.798,00

5.033.202,00

0,00

0,00

0,00

Auszahlungen

HI.4011102.AK.20

0,00
0,00

0,00

0,00

0,00

0,00

0,00

0,00

0,00

0,00

0,00

0,00

46.813,15

0,00

0,00

46.813,15

0,00

0,00

0,00

0,00

0,00

0,00

0,00

0,00

452.914,18

0,00

-250.000,00

202.914,18

0,00

0,00

0,00

0,00

0,00

0,00

0,00

0,00

0,00

0,00

0,00

0,00

0,00

0,00

0,00

0,00

0,00

0,00

0,00

HI.4011102.AK.70

0,00

172.000,00

0,00

0,00

172.000,00

0,00

0,00

0,00

0,00

0,00

0,00

0,00

Zwischensumme

0,00

671.727,33

0,00

-250.000,00

421.727,33

0,00

0,00

0,00

0,00

0,00

0,00

0,00

HI.4011102.AK.40
HI.4011102.AK.50

-250.000,00

Auszahlungen

HI.4020353.AK.20

Auszahlungen

0,00

0,00

0,00

0,00

0,00

0,00

0,00

0,00

0,00

0,00

0,00

0,00

0,00

0,00

0,00

0,00

0,00

0,00

0,00

1.072.500,00

0,00

-750.000,00

322.500,00

0,00

750.000,00

750.000,00

0,00

0,00

0,00

0,00

0,00

643.500,00

0,00

-525.000,00

118.500,00

0,00

525.000,00

525.000,00

0,00

0,00

0,00

0,00

0,00

107.250,00

0,00

-107.250,00

0,00

0,00

107.250,00

107.250,00

HI.4020353.AK.70

130.000,00

0,00

0,00

0,00

130.000,00

321.750,00

0,00

-117.750,00

204.000,00

0,00

117.750,00

117.750,00

Zwischensumme

130.000,00

0,00

0,00

0,00

130.000,00

2.145.000,00

0,00

-1.500.000,00

645.000,00

0,00

1.500.000,00

1.500.000,00

HI.4020353.AK.30
HI.4020353.AK.40
HI.4020353.AK.50

35. Mittelschule
Clara-Zetkin-Str. 20
40_I_113 78510000 MS_035_Ersatzneubau_sp
01159 Dresden
orthalle

0,00

35. Mittelschule
HI.4020561.AK.20

-1.500.000,00

1.500.000,00

0,00

250.000,00

0,00

0,00

250.000,00

0,00

0,00

0,00

0,00

0,00

0,00

0,00

1.250.000,00

68.250,00

0,00

0,00

1.318.250,00

3.722.600,00

0,00

1.127.400,00

4.850.000,00

1.127.400,00

-1.127.400,00

0,00

750.000,00

68.250,00

0,00

0,00

818.250,00

2.233.550,00

0,00

676.400,00

2.909.950,00

676.400,00

-676.400,00

0,00

125.000,00

13.500,00

0,00

0,00

138.500,00

372.250,00

0,00

112.800,00

485.050,00

112.800,00

-112.800,00

0,00

HI.4020561.AK.70

375.000,00

351.964,31

0,00

0,00

726.964,31

1.116.800,00

0,00

338.200,00

1.455.000,00

338.200,00

-338.200,00

0,00

Zwischensumme

2.500.000,00

751.964,31

0,00

0,00

3.251.964,31

7.445.200,00

0,00

2.254.800,00

9.700.000,00

2.254.800,00

-2.254.800,00

0,00

HI.4020561.AK.30
HI.4020561.AK.40
HI.4020561.AK.50

56. Mittelschule
Cottbuser Str. 34
40_I_115 78510000 MS_056_Sanierung_Neub
01129 Dresden
au_Komplex

0,00

56. Mittelschule
Einzahl.

0,00

0,00

Grundschule Schönfeld
Borsbergstr. 12a
40_I_362 78510000 SW_GS_Schönfeld_Teilsa
01328 Dresden
nierung_Gebäude

Grundschule Schönfeld

HI.4021071.E7.05

107. Mittelschule
Hekpestr. 26
68110000 MS_107_Teilsanierung_Sc
01309 Dresden
hulgebäude

2.254.800,00

-2.254.800,00

500.000,00

0,00

655.000,00

-1.155.000,00

0,00

655.000,00

-655.000,00

1.513.058,00

1.513.058,00

0,00

0,00

0,00

Zwischensumme

500.000,00

0,00

655.000,00

-1.155.000,00

0,00

655.000,00

-655.000,00

1.513.058,00

1.513.058,00

0,00

0,00

0,00

HI.4021071.AK.20

0,00

0,00

0,00

0,00

0,00

0,00

0,00

0,00

0,00

0,00

0,00

0,00

750.000,00

250.000,00

750.000,00

720.000,00

2.470.000,00

750.000,00

-750.000,00

0,00

0,00

0,00

0,00

0,00

450.000,00

0,00

450.000,00

0,00

900.000,00

450.000,00

-450.000,00

0,00

0,00

0,00

0,00

0,00

75.000,00

0,00

75.000,00

0,00

150.000,00

75.000,00

-75.000,00

0,00

0,00

0,00

0,00

0,00

HI.4021071.AK.70

225.000,00

243.100,26

225.000,00

0,00

693.100,26

225.000,00

-225.000,00

0,00

0,00

0,00

0,00

0,00

Zwischensumme

1.500.000,00

493.100,26

1.500.000,00

720.000,00

4.213.100,26

1.500.000,00

-1.500.000,00

0,00

0,00

0,00

0,00

0,00

HI.4021071.AK.30
HI.4021071.AK.40
HI.4021071.AK.50

107. Mittelschule
Hekpestr. 26
40_I_118 78510000 MS_107_Teilsanierung_Sc
01309 Dresden
hulgebäude

1.875.000,00

107. Mittelschule

Auszahlungen

0,00

0,00

HI.4011102.AK.30

Saldo

18

-800.000,00

144. Grundschule

Auszahlungen

17

3.720.000,00

0,00

Saldo

17

1.650.000,00

100.000,00

Saldo

16

850.000,00

600.000,00

Saldo

15

800.000,00

HI.4011441.AK.50

Saldo

14

144. Grundschule
Micktner Str. 10
GS_144_Pieschen_Neuba
01139 Dresden
40_I_112 78510000 u_Komplex

0,00

HI.4021491.AK.20

-1.513.058,00

0,00

0,00

0,00

0,00

0,00

0,00

0,00

0,00

0,00

0,00

0,00

0,00

0,00

850.000,00

0,00

0,00

-850.000,00

0,00

1.000.000,00

0,00

-650.000,00

350.000,00

0,00

1.340.000,00

1.340.000,00

510.000,00

0,00

0,00

-510.000,00

0,00

600.000,00

0,00

-455.000,00

145.000,00

0,00

755.000,00

755.000,00

85.000,00

0,00

0,00

-85.000,00

0,00

100.000,00

0,00

-100.000,00

0,00

0,00

185.000,00

185.000,00

HI.4021491.AK.70

255.000,00

300.000,00

0,00

-555.000,00

0,00

300.000,00

0,00

-95.000,00

205.000,00

0,00

394.293,00

394.293,00

Zwischensumme

1.700.000,00

300.000,00

0,00

-2.000.000,00

0,00

2.000.000,00

0,00

-1.300.000,00

700.000,00

0,00

2.674.293,00

2.674.293,00

HI.4021491.AK.30
HI.4021491.AK.40
HI.4021491.AK.50

149. Mittelschule
Altenberger Str. 83
40_I_121 78510000 MS_149_Sanierung_Schul
01277 Dresden
gebäude

-1.659.554,00

149. Mittelschule

-340.446,00

149. Mittelschule - Abgabe an Anlage 5

3

-1.300.000,00

2.674.293,00

Lfd. Nr.

Projektnummer

BWE

Sachkonto

Bezeichnung

Anschrift

Übertrag aus
2012

Plan

Veränderungen
aus üpl/apl und
SR/057/2013

Vorlage Pkt. 1

Ermächtigung
neu

Veränderungen
aus SR/057/2013*

Plan

Vorlage Pkt. 1

Ermächtigung
neu

Plan

Vorlage Pkt. 2

Ermächtigung
neu

19

Auszahlungen

*SAP-technisch nicht vollzogen
HI.4021492.AK.20

0,00

0,00

0,00

0,00

0,00

0,00

0,00

0,00

0,00

0,00

0,00

0,00

250.000,00

0,00

0,00

0,00

250.000,00

1.875.000,00

0,00

-1.640.000,00

235.000,00

0,00

1.640.000,00

1.640.000,00

150.000,00

0,00

0,00

0,00

150.000,00

1.125.000,00

0,00

-1.176.350,00

-51.350,00

0,00

1.176.350,00

1.176.350,00

25.000,00

0,00

0,00

0,00

25.000,00

187.500,00

0,00

-187.500,00

0,00

0,00

187.500,00

187.500,00

HI.4021492.AK.70

75.000,00

0,00

0,00

0,00

75.000,00

562.500,00

0,00

-267.417,00

295.083,00

0,00

267.417,00

267.417,00

Zwischensumme

500.000,00

0,00

0,00

0,00

500.000,00

3.750.000,00

0,00

-3.271.267,00

478.733,00

0,00

3.271.267,00

3.271.267,00

HI.4021492.AK.30
HI.4021492.AK.40
HI.4021492.AK.50

149. Mittelschule
Altenberger Str. 83
40_I_121 78510000 MS_149_Neubau_Sporthal
01277 Dresden
le

20

0,00

149. Mittelschule
Ausz.

Saldo
70.402149.710.306
70.402149.710.402

keine

07100000

149. Mittelschule
MS_149_Ausstattung

Altenberger Str. 83
01277 Dresden

Zwischensumme

21

Saldo

0,00

-150.000,00

0,00

0,00

150.000,00

150.000,00

350.000,00

0,00

-350.000,00

0,00

0,00

350.000,00

350.000,00

0,00

0,00

0,00

0,00

0,00

500.000,00

0,00

-500.000,00

0,00

0,00

500.000,00

500.000,00

0,00

0,00

0,00

0,00

0,00

0,00

0,00

0,00

0,00

0,00

0,00

0,00

1.500.000,00

0,00

362.312,00

1.862.312,00

2.000.000,00

0,00

2.000.000,00

0,00

0,00

0,00

0,00

0,00

900.000,00

0,00

0,00

900.000,00

1.200.000,00

0,00

1.200.000,00

0,00

0,00

0,00

0,00

0,00

150.000,00

0,00

0,00

150.000,00

200.000,00

0,00

200.000,00

HI.4021191.AK.70

0,00

778.744,46

0,00

0,00

778.744,46

450.000,00

0,00

0,00

450.000,00

600.000,00

0,00

600.000,00

Zwischensumme

0,00

778.744,46

0,00

0,00

778.744,46

3.000.000,00

0,00

362.312,00

3.362.312,00

4.000.000,00

0,00

4.000.000,00

HI.4021191.AK.40
HI.4021191.AK.50

Gönnsdorfer Weg 1
01328 Dresden

0,00

Auszahlungen

HI.4030212.AK.20

Einzahl.

362.312,00

0,00

0,00

0,00

0,00

0,00

0,00

0,00

0,00

0,00

0,00

0,00

0,00

0,00

0,00

0,00

600.000,00

0,00

600.000,00

500.000,00

-500.000,00

1.750.000,00

1.750.000,00

3.250.000,00

-1.750.000,00

1.500.000,00

0,00

0,00

300.000,00

0,00

300.000,00

300.000,00

-300.000,00

1.050.000,00

1.050.000,00

1.950.000,00

-1.050.000,00

900.000,00

0,00

0,00

0,00

0,00

0,00

50.000,00

0,00

175.000,00

225.000,00

325.000,00

-175.000,00

150.000,00

HI.4030212.AK.70

300.000,00

100.000,00

0,00

0,00

400.000,00

150.000,00

-100.000,00

525.000,00

575.000,00

975.000,00

-525.000,00

450.000,00

Zwischensumme

300.000,00

100.000,00

900.000,00

0,00

1.300.000,00

1.000.000,00

-900.000,00

3.500.000,00

3.600.000,00

6.500.000,00

-3.500.000,00

3.000.000,00

HI.4030212.AK.30
HI.4030212.AK.40
HI.4030212.AK.50

Gymnasium Bühlau
Quohrener Str. 12
40_I_132 78510000 GYM_Bühlau_Erweiterung
01324 Dresden
_Schulgebäude

0,00

Gymnasium
Louisenstr. 42
Dreikönigschule
68110000
GYM_Dreikönigschule_Ne 01099 Dresden
ubau_Sporthalle

HI.4030351.E7.05

1.225.000,00

0,00

-1.225.000,00

0,00

3.500.000,00

-3.500.000,00

0,00

526.000,00

1.225.000,00

-489.352,00

1.261.648,00

0,00

0,00

0,00

0,00

Zwischensumme

1.225.000,00

0,00

-1.225.000,00

0,00

0,00

526.000,00

1.225.000,00

-489.352,00

1.261.648,00

0,00

0,00

HI.4030351.AK.20

0,00

45.000,00

0,00

0,00

45.000,00

0,00

0,00

0,00

0,00

0,00

0,00

0,00

1.750.000,00

60.000,00

-1.700.000,00

0,00

110.000,00

750.000,00

1.700.000,00

-289.352,00

2.160.648,00

0,00

0,00

0,00

1.050.000,00

0,00

-1.000.000,00

0,00

50.000,00

450.000,00

1.000.000,00

-200.000,00

1.250.000,00

0,00

0,00

0,00

175.000,00

0,00

0,00

0,00

175.000,00

75.000,00

0,00

0,00

75.000,00

0,00

0,00

0,00

HI.4030351.AK.70

525.000,00

1.153.351,12

-800.000,00

0,00

878.351,12

225.000,00

800.000,00

0,00

1.025.000,00

0,00

0,00

0,00

Zwischensumme

3.500.000,00

1.258.351,12

-3.500.000,00

0,00

1.258.351,12

1.500.000,00

3.500.000,00

-489.352,00

4.510.648,00

0,00

0,00

0,00

HI.4030351.AK.30
HI.4030351.AK.40
HI.4030351.AK.50

Gymnasium
Louisenstr. 42
Dreikönigschule
40_I_124 78510000
GYM_Dreikönigschule_Ne 01099 Dresden
ubau_Sporthalle

0,00

Gymnasium Dreikönigschule

Auszahlungen

500.000,00

0,00

Gymnasium Bühlau

HI.4046013.AK.20

0,00

0,00

0,00

0,00

0,00

0,00

0,00

0,00

0,00

0,00

0,00

0,00

0,00

0,00

0,00

0,00

0,00

0,00

0,00

0,00

0,00

600.000,00

600.000,00

0,00

600.000,00

600.000,00

0,00

0,00

0,00

0,00

0,00

0,00

0,00

200.000,00

200.000,00

0,00

200.000,00

200.000,00

0,00

0,00

0,00

0,00

0,00

0,00

0,00

0,00

0,00

0,00

0,00

0,00

HI.4046013.AK.70

0,00

0,00

0,00

0,00

0,00

0,00

0,00

100.000,00

100.000,00

0,00

100.000,00

100.000,00

Zwischensumme

0,00

0,00

0,00

0,00

0,00

0,00

0,00

900.000,00

900.000,00

0,00

900.000,00

900.000,00

HI.4046013.AK.30
HI.4046013.AK.40
HI.4046013.AK.50

neu

Förderschule für
Erziehungshilfe "Kästner"
78510000
FÖ_SfE_Kästn_Teilsanier
ung_Schulgebäude

Zinzendorfstr. 4
01069 Dresden

0,00

Förderschule für Erziehungshilfe "E. Kästner"

Auszahlungen

-500.000,00

0,00

Saldo

25

150.000,00

0,00

0,00

Saldo

24

0,00

0,00

Mittelschule Weißig

Auszahlungen

23

0,00

0,00

0,00

Mittelschule Weißig
40_I_120 78510000 SW_MS_Weißig_Erweiter
ung_Schulgebäude

Saldo

23

0,00

0,00

0,00

HI.4021191.AK.30

Saldo

22

0,00

0,00

0,00

HI.4021191.AK.20

3.271.267,00

0,00

149. Mittelschule

Auszahlungen

Saldo

-3.271.267,00

HI.4090101.AK.20

900.000,00

900.000,00

0,00

0,00

0,00

0,00

0,00

0,00

0,00

0,00

0,00

0,00

0,00

0,00

0,00

0,00

0,00

0,00

0,00

1.000.000,00

0,00

-1.000.000,00

0,00

0,00

0,00

0,00

0,00

0,00

0,00

0,00

0,00

600.000,00

0,00

-600.000,00

0,00

0,00

0,00

0,00

0,00

0,00

0,00

0,00

0,00

100.000,00

0,00

-100.000,00

0,00

0,00

0,00

0,00

HI.4090101.AK.70

150.000,00

0,00

-150.000,00

0,00

0,00

300.000,00

0,00

-300.000,00

0,00

0,00

0,00

0,00

Zwischensumme

150.000,00

0,00

-150.000,00

0,00

0,00

2.000.000,00

0,00

-2.000.000,00

0,00

0,00

0,00

0,00

HI.4090101.AK.30
HI.4090101.AK.40
HI.4090101.AK.50

mobile Raumeinheiten
Pieschen Schulgebäude
40_I_136 78510000
Pieschen_Komplex_mobile
_Raumeinheiten

0,00

mobile Raumeinheiten Pieschen

4

-2.000.000,00

0,00

Lfd. Nr.

Projektnummer

BWE

Sachkonto

Bezeichnung

Anschrift

Übertrag aus
2012

Plan

Veränderungen
aus üpl/apl und
SR/057/2013

Vorlage Pkt. 1

Ermächtigung
neu

Veränderungen
aus SR/057/2013*

Plan

Vorlage Pkt. 1

Ermächtigung
neu

Plan

Vorlage Pkt. 2

Ermächtigung
neu

26

Ausz.

*SAP-technisch nicht vollzogen
70.409011.710.402

keine

Pieschen_mob.Raumeinhe
07100000
iten_Ausstattung

Zwischensumme

27

HI.4090111.AK.20
HI.4090111.AK.30
HI.4090111.AK.40
HI.4090111.AK.50
HI.4090111.AK.70

mobile Raumeinheiten
Seidnitz Schulgebäude und
40_I_137 78510000 Sporthalle
Seidnitz_Komplex_mobile_
Raumeinheiten_TH

Zwischensumme

0,00

0,00

0,00

200.000,00

0,00

-200.000,00

0,00

200.000,00

-200.000,00

0,00

0,00

0,00

0,00

0,00

0,00

200.000,00

0,00

-200.000,00

0,00

200.000,00

-200.000,00

0,00

0,00

70.409011.710.402

keine

07100000

Seidnitz_mob.Raumeinheit
OA Blasewitz
en_Ausstattung

Zwischensumme
Saldo

-200.000,00

-200.000,00

0,00

0,00

0,00

0,00

0,00

0,00

0,00

0,00

0,00

0,00

0,00

0,00

0,00

0,00

0,00

0,00

0,00

2.000.000,00

-577.500,00

-1.422.500,00

0,00

0,00

0,00

0,00

0,00

0,00

0,00

0,00

0,00

1.200.000,00

0,00

-1.200.000,00

0,00

0,00

0,00

0,00

0,00

0,00

0,00

0,00

0,00

200.000,00

0,00

-200.000,00

0,00

0,00

0,00

0,00

300.000,00

0,00

-300.000,00

0,00

0,00

600.000,00

0,00

-600.000,00

0,00

0,00

0,00

0,00

300.000,00

0,00

-300.000,00

0,00

0,00

4.000.000,00

-577.500,00

-3.422.500,00

0,00

0,00

0,00

0,00

0,00

mobile Raumeinheiten Seidnitz
Ausz.

Saldo

28

0,00

mobile Raumeinheiten Pieschen

Auszahlungen

Saldo

0,00

-3.422.500,00

0,00

0,00

0,00

0,00

0,00

0,00

200.000,00

0,00

-200.000,00

0,00

200.000,00

-200.000,00

0,00

0,00

0,00

0,00

0,00

0,00

200.000,00

0,00

-200.000,00

0,00

200.000,00

-200.000,00

0,00

0,00

mobile Raumeinheiten Seidnitz

Saldo Gesamt
Entnahme aus Liquiditätsreserve
Anpassung Haushaltsplanung 2015

-200.000,00

-200.000,00

650.665,00

167.287,00

1.863.760,00

-650.665,00

-167.287,00
-1.863.760,00

5

