.T-T

Stellungnahme Anfrage Haase vom 18.März 2014

Verkehrsgutachten geplantes Globus SB-Warenhaus

Gastronomie

Einzelhandel

Zeit

Beschäftigte Lieferverkehr Gesamt

Kunden

Zeit

_,

j

Beschäftigte Lieferverkehi Gesai

Kunden

nt

Zeit
0 00-01

00-01

0

0

0

0 00-01

0

01-02
02-03
03-04
04-05

0

0

0 01-02

0
0

0

0

0

0

!

0

0

0
0

0 02-03

0

0

0

0 03-04
0 04-05

0
0

0

I
I

0

0
0

0

1

1 05-06

0
4
10

4

5 06-07

12
41

24 07-08

0
0

0
0

15-16

0
0
1
5
20
95
170
217
223
221
221

16-17

248

05-06
06-07
07-08
08-09
09-10
10-11

11-12

12-13
13-14
14-15

279
265

17-18
18-19
19-20

238
110

20-21
21-22

10

6

0 05-06
0 06-07
4 07-08
11 08-09

9
13
6

32 09-10
111 10-11
179 11-12

7

234 12-13

3

244 13-14

6

234 14-15

2

233 15-16

2

268 16-17

0

0
0
0
3
3
3
10
18
7
10
18
19
8
10
6
1

0
3

0
0

3

22-23
23-24

0

0

0

0
1
8
51
160
234
197
213
228
237
238
283

01-02
02-03
03-04

04-05
05-06
06-07
07-08
08-09
09-10
10-11
11-12
12-13
13-14
14-15
15-16
16-17
17-18
18-19
19-20
20-21
21-22
22-23
23-24

0

0

0

0

0

0

0

0
0

0

0

0

0

0

0

0

1

0

2

2
2

0

2

7

2

2

14

8
11
7

8
2

!

1

4
4

5

!
i

15

247 13-14

1

29

7

19

,

263 14-15

19

1

21

2

2

242 15-16
285 16-17
221 17-18

8

2

11

7

3

11

4

3

I

102 08-09
176 09-10

I 247

10-11

205 11-12
222 12-13

0

2

0
0
0

2

;
!
!

1

i

174 18-19

14

1

0

77 19-20

13

0

1
1

0

116 20-21

6

0

0

6 20-21

12

0
0
0

11 21-22

0
0
0

0

0

0 21-22

11

0
0

0

0 22-23
0 23-24

18
11

0 23-24

Zeit

0

0 00-01

0

0

0

0
0
0
0
0
0
0
3
7

0

0
0

0 01-02
0 02-03
0 03-04

0

Zielverkehr
I
Beschäftigte Lieferverkehr Gesa]

0 04-05
0 05-06
0 06-07
0 07-08

Besucher

0

0

0

0

0
0

0
0
0
0
0
0

0

0

0
0
0

0

4

1

0
0

3 10-11
7 11-12

11

8

0

0

8 12-13

5

5

0

0

5 13-14

4

5

0
1

0
0
0
0
0
0

5 14-15
9 15-16

5

10 16-17

6

0
0
0
1
1
1
0

0
0
0

22-23
23-24

8

8

3
0
0
0
0
0
0

0

1
1
0
0
0
0
0

0 02-03
0 03-04
0 04-05

0

0

0
0

0
0
0
7

1
3
6
7

5 09-10

65

4

11 10-11

4

8 11-12

166
187

5 12-13

166

16

0

5 13-14

43

15

0
0
0

6
9
6
4

22
115
94
14

8

0
0
0
0
0
0
0

04-05
05-06
06-07
07-08
08-09
09-10
10-11
11-12
12-13
13-14
14-15
15-16
16-17

0

0

0

0

0

0

0
0

0

0

0

0
0
0
0

0
0
0
0

0
0
0

0

0

0
0

0

0

4
4
1

1
3
1

0
1
2

9

0

32

0
2

16

0

2
2

0
0
6
9
4
11
33
19

5

3

9

12
6

2

15

0

7

8 17-18

8

2

11

16 18-19
14 19-20

25

3

15

0

0

15

13 20-21
12 21-22

19

0

0

19

6

0

6

19 22-23
11 23-24

0
0

0

0
0
0

0

29

0
0

Zielverkehr

Beschäftigte Lieferverkehi Gesamt

Kunden
0
0

0 09-10

0

Zeit
0 00-01

0

Beschäftigte Lieferverkehr Gesamt

Besucher

Quellverkehr

71t

0 01-02

0
0
0
0
0
0
0
0

Zeit
00-01
01-02
02-03
03-04

Büro/Verwaltung

0

0
0

17-18
18-19
19-20
20-21
21-22

0

0
0

0

6
3
0
0
0
0
0

0

0
0

0
0

0 08-09

1

0
0

0

0

0

0

0
0
0

0
0

0
0
0
0
0

0

t

0
0
0

0
0
0

0 02-03

0 034)4
0 044)5

248 19-20

0

0
0
0

0
0

273 18-19

0

5
3
0
0
0
0
0

0

0

0

0
0

1
1

0

0

299 17-18

0

8
9

0

0

1

3 22-23

Zielverkehr

0

0

Beschäftigte Lieferverkehr Gesamt

0

0 01-02

219
173
77

Quellverkehr

Besucher

Besucher

0
0
0
0
0
0
1
0
5
10
27

Museum

Zeit
00-01

Quellverkehr
Beschäftigte Lieferverkehr Gesamt

I

Zielverkehr

Quellverkehr

0 05-06
0 06-07

0 07-08
0 08-09

14-15
15-16
16-17

17-18
1 18-19
0 19-20
0 20-21
0 21-22
0 22-23
0 23-24

0

0

0
0
0
0

3

9
15
17

0

0

9

0

3

0
0
0

0

3

0

0

2
2

0

0
0

1

0
0

Zeit
0 00-01

0 01-02
0 02-03
0 03-04
0 04-05
1 05-06
3 06-07
6 07-08
15 08-09
70 09-10
171 10-11
191 11-12
183 12-13
59 13-14
31 14-15
125 15-16
109 16-17
31 17-18
9 18-19
3 19-20
3 20-21
2 21-22
2 22-23
1 23-24

Beschäftigte Lieferverkehr Gesamt

Kunden
0

0

0

0

0

0

0
0

0

0

0

0

0
0
0
0

0

1

0

1

0
0

8
28

0
0

8
28

22

36

0

58

11

108

2

111

166
187

1
1

168
189
102
53
94
53
67
8
0

94

7

36
86
50

17

65

7

2
1

0

0

0

7
2

0

1

0
0

0
1

0
0

0

0

58

70

0

0
0
0
0
0
0
0

1

0
1

0
0

Bearbeiter. R. Lasar
Datum: 24.03.2014

Dr. Brenner Ingenieurgesellschaft mbH

Tagesganglinien einzelner Nutzungen

