Anlage 2
IST/ Prognose Fallzahlen 2014
KalJahr/Monat
§ 20
§ 27
§ 28
§ 29
§ 30
§ 31
§ 35
ambulante HzE Gesamt
§ 32
teilstationäre HzE Gesamt
§ 19
§ 33
Kostenerstattung
Ausgaben § 35 a
§ 34 Heim
§ 34 betreutes Einzelwohnen
§ 35 stationär
Kostenerstattung
Ausgaben
stationäre HzE Gesamt
§ 35a ambulant
§ 35a teilstationär
§ 35a stationär
Eingliederungshilfe Gesamt
Gesamt

Prognose 2014

Jan 14
2
18
16
0
144
531
0
711
25
25
48
296

Feb 14
2
17
17
0
144
534
0
714
24
24
49
297

Mrz 14
2
18
18
0
150
542
0
730
25
25
46
296

Apr 14
2
20
19
0
158
547
0
746
26
26
44
299

Mai 14
2
23
19
0
160
531
0
735
25
25
42
295

Jun 14
2
23
19
0
161
536
0
742
25
25
43
297

1

1

1

1

1

492
19
2

509
23
3

525
23
2

532
23
3

86

84

81

944
132
6
104
242
1.922

966
129
8
104
241
1.945

974
137
9
103
249
1.978

Jul 14

∅ Fallzahl

2
23
19
0
162
538
0
744
23
23
41
299

Aug 14
2
23
19
0
165
543
0
751
21
21
39
299

Sep 14
2
23
19
0
167
545
0
757
21
21
39
302

Okt 14
2
23
20
0
170
548
0
762
21
21
40
301

Nov 14
2
22
22
0
169
551
0
766
22
22
40
301

Dez 14
2
22
21
0
165
549
0
760
23
23
43
302

1

1

1

1

1

1

1

1

532
16
3

534
17
0

531
17
0

528
18
0

535
19
0

541
18
0

539
21
0

537
19
0

528
19
1

84

86

86

86

87

87

86

86

87

85

986
137
9
102
248
2.006

975
141
9
105
255
1.990

978
141
8
103
252
1.997

974
132
8
105
246
1.987

972
145
9
105
259
2.003

982
156
9
104
269
2.028

986
157
9
104
271
2.039

988
159
8
104
272
2.047

988
160
8
102
270
2.041

976
144
8
104
256
1.999

2
21
19
0
160
541
0
743
23
23
43
299

Stand: 28.05.2014

