Anlage 2
IST/ Prognose Fallzahlen 2014
KalJahr/Monat
§ 20
§ 27
§ 28
§ 29
§ 30
§ 31
§ 35
ambulante HzE Gesamt
§ 32
teilstationäre HzE Gesamt
§ 19
§ 33
Kostenerstattung
Ausgaben § 35 a
§ 34 Heim
§ 34 betreutes Einzelwohnen
§ 35 stationär
Kostenerstattung
Ausgaben
stationäre HzE Gesamt
§ 35a ambulant
§ 35a teilstationär
§ 35a stationär
Eingliederungshilfe Gesamt
Gesamt

Jan 14
2
18
16
0
144
531
0
711
25
25
48
296

Feb 14
2
17
17
0
144
534
0
714
24
24
49
297

Mrz 14
2
18
18
0
150
542
0
730
25
25
46
296

Apr 14
2
20
19
0
158
547
0
746
26
26
44
299

Mai 14
2
23
19
0
160
531
0
735
25
25
42
295

Jun 14
3
25
19
0
160
562
0
769
23
23
44
307

1

1

1

1

1

492
19
2

509
23
3

525
23
2

532
23
3

86

84

81

944
132
6
104
242
1.922

966
129
8
104
241
1.945

974
137
9
103
249
1.978

Jul 14

∅ Fallzahl

2
41
21
2
162
568
0
796
23
23
44
306

Aug 14
2
42
22
3
163
575
0
807
21
21
43
314

Sep 14
2
46
23
3
174
598
0
846
20
20
44
316

Okt 14
2
49
23
3
167
612
0
856
21
21
44
320

Nov 14
2
50
26
0
166
616
0
860
22
22
46
323

Dez 14
2
51
25
0
163
620
0
861
23
23
49
323

1

1

1

1

1

1

1

1

532
16
3

543
18
6

535
16
3

549
15
3

561
18
5

564
22
7

564
25
5

564
23
5

539
20
4

84

86

89

90

90

91

94

94

95

89

986
137
9
102
248
2.006

975
141
9
105
255
1.990

1.008
145
9
110
264
2.064

995
115
9
108
232
2.046

1.015
117
8
111
236
2.079

1.036
145
7
115
267
2.169

1.052
152
8
105
265
2.194

1.058
154
8
104
266
2.206

1.060
154
7
103
265
2.209

1006
138
8
106
252
2.067

2
33
21
1
159
570
0
786
23
23
45
308

28.10.2014
Prognose 2014

