Polizeiliche Kriminalstatistik 2014/Stadtgebiet Dresden/PKS 8900-ohne ausländerrechtliche Delikte

Anzahl jugendlicher und heranwachsender Tatverdächtiger
Kinder

Jugendliche

Heranwachsende

davon

davon

davon

davon

RG-Delikte

Rohheitsdel.

darunter

darunt.

Diebstahl

Erschl.v.L.

(7300)

(2000)

Körperverl.

Raub

(****)

(5150)

(2200)

(2100)

2005

524

3,5

1761

11,7

1807

12,0

106

179

311

324

248

226

41

71

883

555

196

388

2005

2006

509

3,1

1725

10,5

1934

11,8

73

174

356

433

268

340

57

63

798

502

271

382

2006

2007

442

2,8

1532

9,6

1803

11,3

48

167

357

394

274

290

72

58

700

452

230

449

2007

2008

472

2,9

1361

8,3

1901

11,5

47

129

258

383

198

309

53

36

557

427

241

512

2008

2009

528

3,5

1104

7,2

1697

11,1

35

117

265

384

191

322

55

36

459

383

255

495

2009

2010

542

3,3

1064

6,5

1664

10,2

29

108

226

322

172

255

43

33

507

414

210

455

2010

2011

515

3,0

978

5,6

1449

8,3

37

103

199

302

144

238

46

28

448

340

224

472

2011

2012

470

2,6

1089

6,1

1352

7,6

45

90

213

240

172

196

26

23

451

329

254

406

2012

2013

419

2,3

1056

5,8

1237

6,7

146

126

146

213

101

168

29

31

395

286

149

284

2013

2014

375

2,1

1163

6,5

1258

7,0

120

139

171

198

123

146

22

27

394

310

208

356

2014

xxx = Anteil an den Tatverdächtigen in %
xxx = Heranwachsende

