Anlage 2 Fallzahlenentwicklung 2015 und Prognose der noch zu erwartenden Fallzahlen

IST/ Prognose Fallzahlen 2015
KalJahr/Monat
§ 20
§ 27
§ 28
§ 29
§ 30
§ 31
§ 35
ambulante HzE Gesamt
§ 32
teilstationäre HzE Gesamt
§ 19
§ 33
Kostenerstattung
Ausgaben § 35 a
§ 34 Heim
§ 34 betreutes Einzelwohnen
§ 35 stationär
Kostenerstattung
Ausgaben
stationäre HzE Gesamt
§ 35a ambulant
§ 35a teilstationär
§ 35a stationär
Eingliederungshilfe Gesamt
Gesamt

Prognose 2015

Jan 15

Feb 15

2
51
22
3
163
609
1
851
17
17
49
324

2
51
24
5
159
631
1
873
16
16
46
332

Mrz 15
2
53
23
6
159
634
1
878
17
17
49
343

Apr 15
2
51
24
7
172
649
1
906
18
18
49
348

Mai 15
1
54
28
7
171
641
1
903
17
17
51
350

1

1

1

1

589
22
8

595
27
8

593
28
9

101

104

1.094
171
9
103
283
2.245

1.113
164
10
104
278
2.280

Jun 15

Jul 15

1
54
29
5
172
650
1
912
17
17
52
355

1
56
29
5
173
654
1
920
15
15
50
355

Aug 15
2
56
29
5
178
658
1
929
14
14
48
358

Sep 15
2
57
29
5
183
667
1
945
14
14
47
361

Okt 15
2
56
29
5
186
680
1
959
14
14
48
363

Nov 15
2
56
32
5
185
683
1
965
14
14
49
365

Dez 15
2
56
31
5
181
685
1
961
15
15
53
367

Æ Fallzahl

1

1

1

1

1

1

1

1

1

610
29
8

615
30
10

618
31
10

619
30
10

619
31
10

629
32
10

633
32
10

639
33
10

635
33
10

616
30
9

104

107

106

106

107

109

108

107

108

108

106

1.127
172
10
105
287
2.309

1.152
172
11
105
288
2.364

1.163
169
11
108
288
2.371

1.174
169
10
109
289
2.391

1.171
159
10
110
279
2.384

1.176
170
11
110
290
2.409

1.187
189
10
110
309
2.455

1.194
193
10
110
313
2.480

1.205
199
10
111
320
2.503

1.207
199
9
111
319
2.503

1.164
177
10
108
295
2.391

2
54
27
5
174
654
1
917
16
16
49
352

Stand: 08.06.2015

