Anlage 2

Änderung Finanzhaushalt 2015 (Werte in Euro)
Nr.

Bezeichnung

Produkt,
TU bzw. TI-Projekt

Zuordnung
Bewirtschaftungseinheit

Sachkonto

Einzahlungen
2015
alt

Einzahlungen
2015
HER+Üpl/Apl

Einzahlungen
2015
Änderung

Einzahlungen
2015
neu

Auszahlungen
2015
alt

Auszahlungen
2015
HAR+Üpl/Apl

Auszahlungen Auszahlungen
2015
2015
Änderung
neu

Zuschuss
2015
neu

Finanzhaushalt
2.0

Allgemeine investive Einzahlungen Amt 66

70.660000.705.019

68110000

2.1

LB_SP_S-Gehwege

TI.41413.A66.V
TI.41413.A66.G
TI.41413.A66.B
Summe Ausgaben
TI.41413.E66.705

78520000
78210000
78520000

2.2

2.3

2.4

2.5

B0100 - Brücke Blaues Wunder

SW_K6213_Hochlandstraße

SP_S-Einzelmaßnahmen Straße

Zentralhaltestelle Kesselsdorfer Straße
* Änderung wird erst bei Erhalt des
Zuwendungsbescheides vom VVO wirksam

2.6

Stadtbahn 2020 TA 1.4 Tiergartenstr.Oskarstr.
* Änderung wird erst bei Erhalt des
Zuwendungsbescheides vom VVO wirksam

2.7

2.8

SP_P+R-Plätze

SP_G-Ingenieurbauwerke

TI.30715.A66.V
TI.30715.A66.G
TI.30715.A66.B
Summe Ausgaben
TI.30715.E66.705
TI.42910.A66.V
TI.42910.A66.G
TI.42910.A66.B
Summe Ausgaben
TI.42910.E66.705
TI.40311.A66.V
TI.40311.A66.G
TI.40311.A66.B
Summe Ausgaben
TI.40311.E66.705
TI.23210.A66.V
TI.23210.A66.G
TI.23210.A66.B
Summe Ausgaben
TI.23210.E66.705.2

66_I_005

68110000

o.BWE

162.000,00

0,00

0,00

335.000,00

197.500,00

251.700,00

15.500,00

0,00

241.000,00

38.713,00

0,00

0,00

600.000,00

0,00

0,00

0,00

0,00

0,00
0,00
105.550,00
105.550,00

19.641,63
0,00
313.135,88
332.777,51

0,00
0,00
162.000,00
162.000,00

19.641,63
0,00
580.685,88
600.327,51

19.641,63
0,00
580.685,88
438.327,51

0,00
0,00
295.450,00
295.450,00

0,00
0,00
150.000,00
150.000,00

335.000,00
335.000,00

0,00
0,00
780.450,00
780.450,00

0,00
0,00
780.450,00
445.450,00

0,00
0,00
679.950,00
679.950,00

20.000,00
0,00
471.269,02
491.269,02

0,00
15.500,00
15.500,00

20.000,00
0,00
1.166.719,02
1.186.719,02

20.000,00
0,00
1.166.719,02
722.019,02

0,00
0,00
0,00
0,00

16.287,55
0,00
386.133,94
402.421,49

0,00
0,00
38.713,00
38.713,00

16.287,55
0,00
424.846,94
441.134,49

16.287,55
0,00
424.846,94
161.421,49

0,00
0,00
90.000,00
90.000,00

71.520,29
47.736,52
0,00
119.256,81

0,00
0,00
0,00
0,00

71.520,29
47.736,52
90.000,00
209.256,81

71.520,29
47.736,52
90.000,00
-390.743,19

335.000,00

464.700,00

279.713,00

78520000
78210000
78520000
68130000

0,00

162.000,00

78520000
78210000
78520000
68110000

66_I_39

0,00

0,00

78520000
78210000
78520000
68110000

66_I_005

0,00

-1.331.875,68

78520000
78210000
78520000
68110000

66_I_018

1.331.875,68

600.000,00

TI.22615.A66.V

78520000

0,00

0,00

0,00

0,00

0,00

TI.22615.A66.G
TI.22615.A66.B
Summe Ausgaben
TI.22615.E66.705.1

78210000
78520000

0,00
0,00
0,00

0,00
0,00
0,00

0,00
900.000,00
900.000,00

0,00
900.000,00
900.000,00

0,00
900.000,00
600.000,00

0,00
0,00
40.000,00
40.000,00

10.940,97
0,00
0,00
10.940,97

0,00
0,00
344.000,00
344.000,00

10.940,97
0,00
384.000,00
394.940,97

10.940,97
0,00
384.000,00
394.940,97

0,00
0,00
303.300,00
303.300,00

64.687,46
0,00
353.512,01
418.199,47

0,00
0,00
117.400,00
117.400,00

64.687,46
0,00
774.212,01
838.899,47

64.687,46

TI.52611.A66.V
TI.52611.A66.G
TI.52611.A66.B
Summe Ausgaben
TI.52611.E66.705
TI.30111.A66.V
TI.30111.A66.G
TI.30111.A66.B
Summe Ausgaben
TI.30111.E66.705

68130000

66_I_050

0,00

300.000,00

300.000,00

78520000
78210000
78520000
68110000

66_I_004

0,00

0,00

0,00

0,00

0,00

78520000
78210000
78520000
68110000

47.600,00

250.000,00

117.400,00

774.212,01
423.899,47

415.000,00

Seite 1/2

Anlage 2

Änderung Finanzhaushalt 2015 (Werte in Euro)
Nr.

2.9

Bezeichnung

SW_ÖPNV-Maßnahmen

2.10 Instandsetzung Albertbrücke

Produkt,
TU bzw. TI-Projekt

TI.22311.A66.V
TI.22311.A66.G
TI.22311.A66.B
Summe Ausgaben
TI.22311.E66.705

66_I_003

Sachkonto

66_I_010

Einzahlungen
2015
HER+Üpl/Apl

Einzahlungen
2015
Änderung

Einzahlungen
2015
neu

Gesamt

78520000

0,00

0,00

78210000
78520000

0,00
1.490.950,00
1.490.950,00

0,00
12.201.553,04
12.201.553,04

0,00

0,00

0,00

0,00

7.898.845,66

30.000,00

2.765.860,34

68110000

0,00

0,00

0,00

245.100,00

9.973.421,34

3.032.597,66

13.251.119,00

Eigenmittel (neu)

7.397.317,73

Zuschuss
2015
neu

5.196,04
0,00
165.024,72
170.220,76

5.196,04
0,00
165.024,72
140.220,76

0,00

0,00

1.433.984,66
1.433.984,66

0,00
15.126.487,70
15.126.487,70

0,00
15.126.487,70
4.461.781,70

344.000,00

-344.000,00

0,00

0,00

0,00

344.000,00

-344.000,00

0,00

0,00

3.005.200,00

14.610.639,07

3.032.597,66

20.648.436,73

7.397.317,73

0,00
30.000,00
30.000,00

10.664.706,00

0,00

7.397.317,73

Auszahlungen Auszahlungen
2015
2015
Änderung
neu

30.000,00

78530000

Eigenmittel (alt)

Eigenmittelabweichung

Auszahlungen
2015
HAR+Üpl/Apl

5.196,04
0,00
135.024,72
140.220,76

80_015
Summe Ausgaben
70.801027.700.003-Bau

Auszahlungen
2015
alt

0,00
0,00
0,00
0,00

68110000

70.801027.700.003-Bau

Einzahlungen
2015
alt

78520000
78210000
78520000
68110000

TI.30209.A66.V
TI.30209.A66.G
TI.30209.A66.B
Summe Ausgaben
TI.30209.E66.705

2.11 Äußere Erschließung IP Klotzsche, 3.BA

Zuordnung
Bewirtschaftungseinheit

0,00

Seite 2/2

