Anlage 3

Änderung Finanzhaushalt 2016 (Werte in Euro)
Nr.

Bezeichnung

Produkt,
TU bzw. TI-Projekt

Zuordnung
Bewirtschaftungseinheit

Sachkonto

Einzahlungen
2016
alt

Einzahlungen
2016
HER+Üpl/Apl

Einzahlungen
2016
Änderung

Einzahlungen
2016
neu

Auszahlungen
2016
alt

Auszahlungen
2016
HAR+Üpl/Apl

Auszahlungen
2016
Änderung

Auszahlungen
2016
neu

Zuschuss
2016
neu

Finanzhaushalt
3.1

3.2

3.3

3.4

3.5

LB_SP_S-Gehwege

B0100 - Brücke Blaues Wunder

SW_K6213_Hochlandstraße

SP_G-Einzelmaßnahmen Straße

Zentralhaltestelle Kesselsdorfer Straße
* Änderung wird erst bei Vorliegen des
Fördermittelbescheides wirksam

3.6

Stadtbahn 2020 TA 1.4 Tiergartenstr.Oskarstr.
* Änderung wird erst bei Vorliegen des
Fördermittelbescheides wirksam

3.7

3.8

SP_P+R-Plätze

SW_K6201 - Straße des Friedens

TI.41413.A66.V
TI.41413.A66.G
TI.41413.A66.B
Summe Ausgaben
TI.41413.E66.705
TI.30715.A66.V
TI.30715.A66.G
TI.30715.A66.B
Summe Ausgaben
TI.30715.E66.705
TI.42910.A66.V
TI.42910.A66.G
TI.42910.A66.B
Summe Ausgaben
TI.42910.E66.705
TI.40111.A66.V
TI.40111.A66.G
TI.40111.A66.B
Summe Ausgaben
TI.40111.E66.705
TI.23210.A66.V
TI.23210.A66.G
TI.23210.A66.B
Summe Ausgaben
TI.23210.E66.705

66_I_005

TI.52611.A66.V
TI.52611.A66.G
TI.52611.A66.B
Summe Ausgaben
TI.52611.E66.705
TI.43010.A66.V
TI.43010.A66.G
TI.43010.A66.B
Summe Ausgaben
TI.43010.E66.705

0,00
0,00
0,00
0,00

0,00
0,00
0,00
0,00

0,00
0,00
18.012,00
18.012,00

0,00
0,00
18.012,00
18.012,00

0,00
0,00
18.012,00
0,00

0,00
0,00
0,00
0,00

0,00
0,00
0,00
0,00

0,00
31.609,00
31.609,00

0,00
0,00
31.609,00
31.609,00

0,00
0,00
31.609,00
0,00

0,00
0,00
0,00
0,00

0,00
0,00
0,00
0,00

0,00
57.801,00
57.801,00

0,00
0,00
57.801,00
57.801,00

0,00
0,00
57.801,00
0,00

0,00
0,00
1.000.000,00
1.000.000,00

0,00
0,00
0,00
0,00

0,00
0,00
-120.000,00
-120.000,00

0,00
0,00
880.000,00
880.000,00

0,00
0,00
880.000,00
740.000,00

0,00
0,00
1.200.000,00
1.200.000,00

0,00
0,00
0,00
0,00

0,00
0,00
1.855.000,00
1.855.000,00

0,00
0,00
3.055.000,00
3.055.000,00

0,00
0,00
3.055.000,00
1.200.000,00

78520000

0,00

0,00

0,00

0,00

0,00

78210000
78520000

0,00
0,00
0,00

0,00
0,00
0,00

0,00
300.000,00
300.000,00

0,00
300.000,00
300.000,00

0,00
300.000,00
0,00

0,00
0,00
580.000,00
580.000,00

0,00
0,00
0,00
0,00

0,00
0,00
310.000,00
310.000,00

0,00
0,00
890.000,00
890.000,00

0,00
0,00
890.000,00
370.000,00

0,00
0,00
1.255.000,00
1.255.000,00

0,00
0,00
0,00
0,00

0,00
0,00
138.000,00
138.000,00

0,00
0,00
1.393.000,00
1.393.000,00

0,00
0,00
1.393.000,00
575.000,00

68110000

o.BWE

66_I_018

68110000

66_I_050

0,00

0,00

31.609,00

31.609,00

0,00

0,00

57.801,00

57.801,00

0,00

0,00

140.000,00

140.000,00

0,00

0,00

0,00

0,00

1.855.000,00

300.000,00

1.855.000,00

300.000,00

78520000
78210000
78520000
68110000

66_I_018

18.012,00

78520000
78210000
78520000
68110000

66_I_059

18.012,00

78520000
78210000
78520000
68110000

66_I_39

0,00

78520000
78210000
78520000
68110000

66_I_005

0,00

78520000
78210000
78520000
68110000

TI.22615.A66.V
TI.22615.A66.G
TI.22615.A66.B
Summe Ausgaben
TI.22615.E66.705

78520000
78210000
78520000

520.000,00

0,00

0,00

520.000,00

78520000
78210000
78520000
68110000

680.000,00

0,00

138.000,00

818.000,00

Seite 1/2

Anlage 3

Änderung Finanzhaushalt 2016 (Werte in Euro)
Nr.

3.9

Bezeichnung

Potschappler Straße
* Änderung wird erst bei Vorliegen des
Fördermittelbescheides wirksam

3.10

3.11

B 97 Königsbrücker Straße/Nord

Wehlener Straße
* Änderung wird erst bei Vorliegen des
Fördermittelbescheides wirksam

3.12

3.13

3.14

3.15

SP_G-Gehwege

SP_G-Begleitung DVB AG-Maßnahmen

Instandsetzung Augustusbrücke

CB_K6240-Brücke DB-Anlagen Talstr.

Produkt,
TU bzw. TI-Projekt

TI.22810.A66.V
TI.22810.A66.G
TI.22810.A66.B
Summe Ausgaben
TI.22810.E66.705
TI.23910.A66.V
TI.23910.A66.G
TI.23910.A66.B
Summe Ausgaben
TI.23910.E66.705
TI.24410.A66.V
TI.24410.A66.G
TI.24410.A66.B
Summe Ausgaben
TI.24410.E66.705
TI.40511.A66.V
TI.40511.A66.G
TI.40511.A66.B
Summe Ausgaben
TI.40511.E66.705
TI.20911.A66.V
TI.20911.A66.G
TI.20911.A66.B
Summe Ausgaben
TI.20911.E66.705
TI.30309.A66.V
TI.30309.A66.G
TI.30309.A66.B
Summe Ausgaben
TI.30309.E66.705
TI.31012.A66.V
TI.31012.A66.G
TI.31012.A66.B
Summe Ausgaben
TI.31012.E66.705

Zuordnung
Bewirtschaftungseinheit

66_I_042

Sachkonto

230.000,00

2.100.000,00

0,00

0,00

0,00

0,00

775.000,00

0,00

0,00

0,00

100.000,00

0,00

0,00

0,00

0,00

0,00

Auszahlungen
2016
Änderung

Auszahlungen
2016
neu

Zuschuss
2016
neu

0,00
0,00
525.000,00
525.000,00

0,00
0,00
0,00
0,00

0,00
0,00
445.000,00
445.000,00

0,00
0,00
970.000,00
970.000,00

0,00
0,00
970.000,00
740.000,00

0,00
0,00
3.500.000,00
3.500.000,00

0,00
0,00
0,00
0,00

0,00
0,00
-1.300.000,00
-1.300.000,00

0,00
0,00
2.200.000,00
2.200.000,00

0,00
0,00
2.200.000,00
100.000,00

0,00
0,00
0,00
0,00

0,00
0,00
0,00
0,00

0,00
0,00
1.860.000,00
1.860.000,00

0,00
0,00
1.860.000,00
1.860.000,00

0,00
0,00
1.860.000,00
1.085.000,00

0,00
0,00
1.000.000,00
1.000.000,00

0,00
0,00
0,00
0,00

0,00
0,00
-150.000,00
-150.000,00

0,00
0,00
850.000,00
850.000,00

0,00
0,00
850.000,00
850.000,00

0,00
0,00
360.000,00
360.000,00

0,00
0,00
0,00
0,00

0,00
0,00
100.000,00
100.000,00

0,00
0,00
460.000,00
460.000,00

0,00
0,00
460.000,00
360.000,00

0,00
0,00
64.300,00
64.300,00

0,00
0,00
0,00
0,00

0,00
0,00
250.000,00
250.000,00

0,00
0,00
314.300,00
314.300,00

0,00
0,00
314.300,00
314.300,00

0,00
0,00
1.459.450,00
1.459.450,00

0,00
0,00
0,00
0,00

0,00
0,00
-250.000,00
-250.000,00

0,00
0,00
1.209.450,00
1.209.450,00

0,00
0,00
1.209.450,00
319.450,00

10.943.750,00

0,00

3.545.422,00

14.489.172,00

6.653.750,00

775.000,00

0,00

100.000,00

0,00

890.000,00

0,00

0,00

890.000,00

Gesamt

4.290.000,00

0,00

3.545.422,00

7.835.422,00

Eigenmittel (alt)

6.653.750,00

Eigenmittel (neu)

6.653.750,00

Eigenmittelabweichung

Auszahlungen
2016
HAR+Üpl/Apl

2.100.000,00

78520000
78210000
78520000
68110000

Auszahlungen
2016
alt

230.000,00

78520000
78210000
78520000
68110000

66_I_004

0,00

78520000
78210000
78520000
68110000

66_I_056

0,00

78520000
78210000
78520000
68110000

66_I_003

Einzahlungen
2016
neu

78520000
78210000
78520000
68110000

66_I_005

Einzahlungen
2016
Änderung

78520000
78210000
78520000
68110000

66_I_007

Einzahlungen
2016
HER+Üpl/Apl

78520000
78210000
78520000
68110000

66_I_008

Einzahlungen
2016
alt

0,00

Seite 2/2

