Landeshaupstadt Dresden
Schulverwaltungsamt

Anlage 1

Mehr- und Minderauszahlungen
2015
Lfd. Nr.

Projektnummer

HI.4010061.AK.20
HI.4010061.AK.30
1
HI.4010061.AK.40
HI.4010061.AK.50
HI.4010061.AK.70
Zwischensumme
HI.4010082.AK.20
HI.4010082.AK.30
2
HI.4010082.AK.40
HI.4010082.AK.50
HI.4010082.AK.70
Zwischensumme
HI.4010492.AK.20
HI.4010492.AK.30
3
HI.4010492.AK.40
HI.4010492.AK.50
HI.4010492.AK.70
Zwischensumme
HI.4011032.AK.20
HI.4011032.AK.30
4
HI.4011032.AK.40
HI.4011032.AK.50
HI.4011032.AK.70
Zwischensumme
HI.4011441.AK.20
HI.4011441.AK.30
5
HI.4011441.AK.40
HI.4011441.AK.50
HI.4011441.AK.70
Zwischensumme
HI.4011461.AK.20
HI.4011461.AK.30
6
HI.4011461.AK.40
HI.4011461.AK.50
HI.4011461.AK.70
Zwischensumme
HI.4020322.AK.20
HI.4020322.AK.30
7
HI.4020322.AK.40
HI.4020322.AK.50
HI.4020322.AK.70
Zwischensumme
HI.4020462.AK.20
HI.4020462.AK.30
8
HI.4020462.AK.40
HI.4020462.AK.50
HI.4020462.AK.70
Zwischensumme

BWE

Sachkonto

Bezeichnung

Anschrift

40_I_102

78510000

6. Grundschule
GS_006_Sanierung_ "Am Großen Garten"
Schulgebäude
Fetscherstraße 2,
01307 Dresden

-

78510000

8. Grundschule
GS_008_Sanierung_
Konkordienstraße 12,
Schulgebäude
01127 Dresden

40_I_375

78510000

49. Grundschule
"Bernhard August von
GS_049_Teilsanierun
Lindenau"
g_Schulgebäude
Bernhardstraße 80,
01187 Dresden

_

78510000

103. Grundschule
GS_103_Ersatzneuba "Unterm Regenbogen"
u_Sporthalle
Hohnsteiner Str. 8,
01099 Dresden

40_I_112

78510000

144. Grundschule
GS_Pieschen_Neuba
Micktner Straße 10
u_Komplex
01139 Dresden

40_I_135

78510000

SchulerweiterungsSchulerweiterung_Lei standort
sniger_Str._SG
Leisniger Straße 78,
01127 Dresden

-

78510000

32. Oberschule
MS_032_Neubau_Sp "Sieben Schwaben"
Hofmannstraße 34,
orthalle
01277 Dresden

40_I_202

78510000

MS_046_Sanierung_ 46. Oberschule
Gebäude_Schubertstr A.-Schubert-Str. 41
01069 Dresden
.

Plan
0,00
0,00
0,00
0,00
0,00
0,00
0,00
0,00
0,00
0,00
0,00
0,00
0,00
0,00
0,00
0,00
0,00
0,00
0,00
749.200,00
0,00
0,00
0,00
749.200,00
0,00
0,00
0,00
0,00
0,00
0,00
0,00
0,00
0,00
0,00
0,00
0,00
0,00
0,00
0,00
0,00
0,00
0,00
0,00
4.897.950,00
0,00
0,00
0,00
4.897.950,00

Übertrag aus
2014
0,00
4.140.811,13
1.298.941,36
893.879,94
753.536,56
7.087.168,99
0,00
4.809,69
0,00
0,00
221.126,38
225.936,07
0,00
2.080.000,00
0,00
0,00
427.654,94
2.507.654,94
0,00
150.750,00
0,00
0,00
452.360,14
603.110,14
0,00
1.118.570,05
2.751,25
149.399,54
332.080,32
1.602.801,16
0,00
0,00
0,00
0,00
180.292,27
180.292,27
0,00
0,00
0,00
0,00
300.000,00
300.000,00
0,00
700.000,00
0,00
0,00
343.350,84
1.043.350,84

bisherige
Ermächtigung
Veränderungen
gesamt (alt)
HH-Plan
0,00
0,00
0,00
4.140.811,13
0,00
1.298.941,36
0,00
893.879,94
0,00
753.536,56
0,00
7.087.168,99
0,00
0,00
0,00
4.809,69
0,00
0,00
0,00
0,00
0,00
221.126,38
0,00
225.936,07
0,00
0,00
0,00
2.080.000,00
0,00
0,00
0,00
0,00
0,00
427.654,94
0,00
2.507.654,94
0,00
0,00
0,00
899.950,00
0,00
0,00
0,00
0,00
0,00
452.360,14
0,00
1.352.310,14
0,00
0,00
-75.100,00
1.043.470,05
0,00
2.751,25
0,00
149.399,54
-100.000,00
232.080,32
-175.100,00
1.427.701,16
0,00
0,00
0,00
0,00
0,00
0,00
0,00
0,00
0,00
180.292,27
0,00
180.292,27
0,00
0,00
0,00
0,00
0,00
0,00
0,00
0,00
0,00
300.000,00
0,00
300.000,00
0,00
0,00
-2.200.000,00
3.397.950,00
0,00
0,00
0,00
0,00
0,00
343.350,84
-2.200.000,00
3.741.300,84

2016
Vorlage
Pkt. 1
0,00
200.000,00
0,00
0,00
0,00
200.000,00
0,00
0,00
0,00
0,00
0,00
0,00
0,00
2.351.000,00
0,00
0,00
0,00
2.351.000,00
0,00
0,00
0,00
0,00
0,00
0,00
0,00
-600.000,00
0,00
0,00
0,00
-600.000,00
0,00
0,00
0,00
0,00
780.000,00
780.000,00
0,00
0,00
0,00
0,00
-300.000,00
-300.000,00
0,00
0,00
0,00
0,00
0,00
0,00

Ermächtigung
(neu)
0,00
4.340.811,13
1.298.941,36
893.879,94
753.536,56
7.287.168,99
0,00
4.809,69
0,00
0,00
221.126,38
225.936,07
0,00
4.431.000,00
0,00
0,00
427.654,94
4.858.654,94
0,00
899.950,00
0,00
0,00
452.360,14
1.352.310,14
0,00
443.470,05
2.751,25
149.399,54
232.080,32
827.701,16
0,00
0,00
0,00
0,00
960.292,27
960.292,27
0,00
0,00
0,00
0,00
0,00
0,00
0,00
3.397.950,00
0,00
0,00
343.350,84
3.741.300,84

Plan
0,00
0,00
0,00
0,00
0,00
0,00
0,00
0,00
0,00
0,00
0,00
0,00
0,00
0,00
0,00
0,00
0,00
0,00
0,00
1.470.600,00
0,00
0,00
0,00
1.470.600,00
0,00
0,00
0,00
0,00
0,00
0,00
0,00
1.897.850,00
0,00
0,00
0,00
1.897.850,00
0,00
0,00
0,00
0,00
0,00
0,00
0,00
1.208.000,00
0,00
0,00
0,00
1.208.000,00

bisherige
Veränderungen
0,00
0,00
0,00
0,00
0,00
0,00
0,00
0,00
0,00
0,00
0,00
0,00
0,00
0,00
0,00
0,00
0,00
0,00
0,00
0,00
0,00
0,00
0,00
0,00
0,00
0,00
0,00
0,00
0,00
0,00
0,00
0,00
0,00
0,00
0,00
0,00
0,00
0,00
0,00
0,00
0,00
0,00
0,00
2.200.000,00
0,00
0,00
0,00
2.200.000,00

Vorlage
Pkt. 2
0,00
0,00
0,00
0,00
0,00
0,00
0,00
0,00
0,00
0,00
230.000,00
230.000,00
0,00
980.000,00
0,00
0,00
0,00
980.000,00
0,00
250.000,00
0,00
0,00
0,00
250.000,00
0,00
0,00
0,00
0,00
0,00
0,00
0,00
100.000,00
0,00
0,00
200.000,00
300.000,00
0,00
0,00
0,00
0,00
0,00
0,00
0,00
648.800,00
0,00
0,00
0,00
648.800,00

Ermächtigung
(neu)
0,00
0,00
0,00
0,00
0,00
0,00
0,00
0,00
0,00
0,00
230.000,00
230.000,00
0,00
980.000,00
0,00
0,00
0,00
980.000,00
0,00
1.720.600,00
0,00
0,00
0,00
1.720.600,00
0,00
0,00
0,00
0,00
0,00
0,00
0,00
1.997.850,00
0,00
0,00
200.000,00
2.197.850,00
0,00
0,00
0,00
0,00
0,00
0,00
0,00
4.056.800,00
0,00
0,00
0,00
4.056.800,00

Seite 1

Landeshaupstadt Dresden
Schulverwaltungsamt

Anlage 1

2015
Lfd. Nr.

Projektnummer

HI.4021451.AK.10
HI.4021451.AK.30
9
HI.4021451.AK.40
HI.4021451.AK.50
HI.4021451.AK.70
Zwischensumme
HI.4021492.AK.20
HI.4021492.AK.30
10
HI.4021492.AK.40
HI.4021492.AK.50
HI.4021492.AK.70
Zwischensumme
HI.4030111.AK.20
HI.4030111.AK.30
11
HI.4030111.AK.40
HI.4030111.AK.50
HI.4030111.AK.70
Zwischensumme
HI.4030221.AK.20
HI.4030221.AK.30
HI.4030221.AK.40
12
HI.4030221.AK.50
HI.4030221.AK.70
HI.4030221.A8.30
HI.4030221.A8.70
Zwischensumme
HI.4030223.AK.20
HI.4030223.AK.30
13
HI.4030223.AK.40
HI.4030223.AK.50
HI.4030223.AK.70
Zwischensumme
HI.4030231.AK.20
HI.4030231.AK.30
14
HI.4030231.AK.40
HI.4030231.AK.50
HI.4030231.AK.70
Zwischensumme
HI.4030241.AK.10
HI.4030241.AK.30
15
HI.4030241.AK.40
HI.4030241.AK.50
HI.4030241.AK.70
Zwischensumme
HI.4030252.AK.20
HI.4030252.AK.30
16
HI.4030252.AK.40
HI.4030252.AK.50
HI.4030252.AK.70
Zwischensumme

BWE

Sachkonto

Bezeichnung

Anschrift

78210000
-

78510000

145. Oberschule
MS_145_Neubau_Sc
Gehestraße,
hulgebäude
01127 Dresden

40_I_121

78510000

149. Oberschule
MS_149_Neubau_Sp
Berthelsdorfer Weg 2,
orthalle
01279 Dresden

40_I_203

78510000

Gymnasium Dresden
GYM_Südwest_Sanie Südwest
rung_Schulgebäude Bernhardstr. 18
01069 Dresden

40_I_322

78510000

Gymnasium Bürgerwiese
GYM_Bürgerwiese_N
Parkstraße 4,
eubau_Komplex
01069 Dresden

40_I_133

78510000

GYM_Bürgerwiese_S Gymnasium Bürgerwiese
an_SG_Palucca_Stra Gret-Paluccastraße 1,
01069 Dresden
ße

40_I_134

78510000

Gymnasium Prohlis
GYM_Prohlis_San._S
Boxberger Straße 1
G_Neubau_TH
01239 Dresden

78210000
40_I_203

40_I_203

78510000

78510000

Gymnasium Pieschen
GYM_Pieschen_Neub
Gehestraße,
au_Schulgebäude
01127 Dresden

Gymnasium Tolkewitz
GYM_Tolkewitz_Neub Kipsdorfer Straße,
au_Sporthalle
01279 Dresden

Plan
0,00
0,00
0,00
0,00
0,00
0,00
0,00
0,00
0,00
0,00
0,00
0,00
0,00
261.450,00
0,00
0,00
0,00
261.450,00
0,00
0,00
0,00
0,00
0,00
0,00
0,00
0,00
0,00
3.779.800,00
0,00
0,00
0,00
3.779.800,00
0,00
0,00
0,00
0,00
0,00
0,00
2.857.000,00
2.941.300,00
0,00
0,00
0,00
5.798.300,00
0,00
2.085.350,00
0,00
0,00
0,00
2.085.350,00

Übertrag aus
2014
300.000,00
250.000,00
0,00
0,00
421.737,50
971.737,50
0,00
623.000,00
0,00
0,00
396.437,49
1.019.437,49
0,00
0,00
0,00
0,00
784.495,35
784.495,35
39.943,66
1.750.528,45
1.293.346,31
647.368,06
509.222,99
431.726,36
1.077,39
4.673.213,22
0,00
359.669,91
37.437,84
0,00
902.383,50
1.299.491,25
0,00
592.000,00
126.600,00
0,00
454.148,10
1.172.748,10
0,00
0,00
0,00
0,00
327.902,99
327.902,99
0,00
0,00
0,00
0,00
200.000,00
200.000,00

bisherige
Ermächtigung
Veränderungen
gesamt (alt)
HH-Plan
0,00
300.000,00
0,00
250.000,00
0,00
0,00
0,00
0,00
0,00
421.737,50
0,00
971.737,50
0,00
0,00
0,00
623.000,00
0,00
0,00
0,00
0,00
0,00
396.437,49
0,00
1.019.437,49
0,00
0,00
0,00
261.450,00
0,00
0,00
0,00
0,00
0,00
784.495,35
0,00
1.045.945,35
0,00
39.943,66
-938.500,00
812.028,45
0,00
1.293.346,31
-600.000,00
47.368,06
0,00
509.222,99
0,00
431.726,36
0,00
1.077,39
-1.538.500,00
3.134.713,22
0,00
0,00
279.300,00
4.418.769,91
0,00
37.437,84
0,00
0,00
0,00
902.383,50
279.300,00
5.358.591,25
0,00
0,00
0,00
592.000,00
0,00
126.600,00
0,00
0,00
0,00
454.148,10
0,00
1.172.748,10
0,00
2.857.000,00
0,00
2.941.300,00
0,00
0,00
0,00
0,00
0,00
327.902,99
0,00
6.126.202,99
0,00
0,00
0,00
2.085.350,00
0,00
0,00
0,00
0,00
0,00
200.000,00
0,00
2.285.350,00

2016
Vorlage
Pkt. 1
-300.000,00
-250.000,00
0,00
0,00
-421.737,50
-971.737,50
0,00
-623.000,00
0,00
0,00
-59.000,00
-682.000,00
0,00
0,00
0,00
0,00
1.155.000,00
1.155.000,00
0,00
0,00
-100.000,00
0,00
0,00
0,00
0,00
-100.000,00
0,00
100.000,00
0,00
0,00
0,00
100.000,00
0,00
-544.000,00
0,00
0,00
0,00
-544.000,00
300.000,00
250.000,00
0,00
0,00
421.737,50
971.737,50
0,00
0,00
0,00
0,00
300.000,00
300.000,00

Ermächtigung
(neu)
0,00
0,00
0,00
0,00
0,00
0,00
0,00
0,00
0,00
0,00
337.437,49
337.437,49
0,00
261.450,00
0,00
0,00
1.939.495,35
2.200.945,35
39.943,66
812.028,45
1.193.346,31
47.368,06
509.222,99
431.726,36
1.077,39
3.034.713,22
0,00
4.518.769,91
37.437,84
0,00
902.383,50
5.458.591,25
0,00
48.000,00
126.600,00
0,00
454.148,10
628.748,10
3.157.000,00
3.191.300,00
0,00
0,00
749.640,49
7.097.940,49
0,00
2.085.350,00
0,00
0,00
500.000,00
2.585.350,00

Plan
0,00
0,00
0,00
0,00
0,00
0,00
0,00
0,00
0,00
0,00
0,00
0,00
0,00
6.966.000,00
0,00
0,00
0,00
6.966.000,00
0,00
0,00
0,00
0,00
0,00
0,00
0,00
0,00
0,00
2.054.350,00
0,00
0,00
0,00
2.054.350,00
0,00
1.017.400,00
0,00
0,00
0,00
1.017.400,00
2.857.000,00
2.941.300,00
0,00
0,00
0,00
5.798.300,00
0,00
2.997.950,00
0,00
0,00
0,00
2.997.950,00

bisherige
Veränderungen
0,00
0,00
0,00
0,00
0,00
0,00
0,00
0,00
0,00
0,00
0,00
0,00
0,00
0,00
0,00
0,00
0,00
0,00
0,00
0,00
0,00
0,00
0,00
0,00
0,00
0,00
0,00
0,00
0,00
0,00
0,00
0,00
0,00
0,00
0,00
0,00
0,00
0,00
0,00
0,00
0,00
0,00
0,00
0,00
0,00
0,00
0,00
0,00
0,00
0,00

Vorlage
Pkt. 2
0,00
0,00
0,00
0,00
0,00
0,00
0,00
0,00
0,00
0,00
0,00
0,00
0,00
0,00
0,00
0,00
0,00
0,00
0,00
0,00
0,00
0,00
0,00
0,00
0,00
0,00
0,00
0,00
0,00
0,00
0,00
0,00
0,00
-1.017.400,00
0,00
0,00
0,00
-1.017.400,00
0,00
0,00
0,00
0,00
0,00
0,00
0,00
0,00
0,00
0,00
0,00
0,00

Ermächtigung
(neu)
0,00
0,00
0,00
0,00
0,00
0,00
0,00
0,00
0,00
0,00
0,00
0,00
0,00
6.966.000,00
0,00
0,00
0,00
6.966.000,00
0,00
0,00
0,00
0,00
0,00
0,00
0,00
0,00
0,00
2.054.350,00
0,00
0,00
0,00
2.054.350,00
0,00
0,00
0,00
0,00
0,00
0,00
2.857.000,00
2.941.300,00
0,00
0,00
0,00
5.798.300,00
0,00
2.997.950,00
0,00
0,00
0,00
2.997.950,00

Seite 2

Landeshaupstadt Dresden
Schulverwaltungsamt

Anlage 1

2015
Lfd. Nr.

Projektnummer

HI.4044066.AK.20
HI.4044066.AK.30
17
HI.4044066.AK.40
HI.4044066.AK.50
HI.4044066.AK.70
Zwischensumme
HI.4046013.AK.20
HI.4046013.AK.30
18
HI.4046013.AK.40
HI.4046013.AK.50
HI.4046013.AK.70
Zwischensumme
HI.4051311.AK.20
HI.4051311.AK.30
19
HI.4051311.AK.40
HI.4051311.AK.50
HI.4051311.AK.70
Zwischensumme
HI.4051451.AK.20
HI.4051451.AK.30
20
HI.4051451.AK.40
HI.4051451.AK.50
HI.4051451.AK.70
Zwischensumme
HI.4051453.AK.20
HI.4051453.AK.30
21
HI.4051453.AK.40
HI.4051453.AK.50
HI.4051453.AK.70
Zwischensumme
HI.4020351.AK.20
HI.4020351.AK.30
22
HI.4020351.AK.40
HI.4020351.AK.50
HI.4020351.AK.70
Zwischensumme
HI.4051522.AK.20
HI.4051522.AK.30
23
HI.4051522.AK.40
HI.4051522.AK.50
HI.4051522.AK.70
Zwischensumme
24

70.401030.710.402

BWE

Sachkonto

Bezeichnung

Anschrift

78510000

Schule zur Lernförderung
FÖ_LF_Makar_Sanier "A.S. Makarenko"
ung u. Neubau TH
Leisniger Straße 76,
01127 Dresden

40_I_379

78510000

Schule für
FÖ_SfE_Kästn_Teilsa Erziehungshilfe "Erich
nierung_Schulgebäud Kästner"
Zinzendorfstraße 4
e
01069 Dresden

40_I_204

78510000

BSZ für Wirtschaft
BSZ_Wirtschaft_Zeig "Prof. Dr. Zeigner"
ner_Sanierg_Komplex Melanchthonstr. 9,
01099 Dresden

-

78510000

BSZ für Agrarwirtschaft
BSZ_Agrar- und
und Ernährung
Ernährung_Teilsanier
Altroßthal 1,
ung
01169 Dresden

40_I_100

78510000

BSZ für Agrarwirtschaft
BSZ_AuE_Brandschu und Ernährung
tzmaßnahmen
Altroßthal 1,
01169 Dresden

40_I_100

78510000

35. Oberschule
MS_035_Brandschutz
Clara-Zetkin-Str. 20
maßnahme
01159 Dresden

-

78510000

BSZ für Elektrotechnik
BSZ_Elektrotechnik_
Strehlener Platz 2,
Neubau_Sporthalle
01219 Dresden

-

710000

40_I_135

GS_030_Austattung

30. Grundschule
Hechtstraße 55,
01097 Dresden

Summe Anlage 1 ("+" bedeutet mehr Auszahlungen; "-" bedeutet weniger Auzahlunge
Summe Mindereinzahlungen Anlage 2
("+" bedeutet komm. Mehraufwand weil weniger Einnahmen)
Saldo Mindereinzahlungen/Minderauszahlungen

Übertrag aus
2014

Plan

2016

bisherige
Ermächtigung
Veränderungen
gesamt (alt)
HH-Plan
0,00
0,00
0,00
400.000,00
0,00
200.000,00
0,00
0,00
0,00
400.000,00
0,00
1.000.000,00
0,00
0,00
-1.611.024,00
784.863,08
0,00
200.000,00
0,00
0,00
0,00
179.422,89
-1.611.024,00
1.164.285,97
0,00
0,00
0,00
3.321.500,00
0,00
0,00
0,00
0,00
0,00
264.052,50
0,00
3.585.552,50
0,00
0,00
0,00
508.000,00
0,00
0,00
0,00
0,00
0,00
0,00
0,00
508.000,00
0,00
0,00
0,00
750.000,00
0,00
0,00
0,00
0,00
0,00
142.943,26
0,00
892.943,26
0,00
0,00
0,00
270.136,67
0,00
10.623,32
0,00
0,00
0,00
86.577,05
0,00
367.337,04
0,00
0,00
0,00
0,00
0,00
0,00
0,00
0,00
0,00
250.000,00
0,00
250.000,00

0,00
0,00
0,00
0,00
0,00
0,00
0,00
1.930.400,00
0,00
0,00
0,00
1.930.400,00
0,00
3.321.500,00
0,00
0,00
0,00
3.321.500,00
0,00
508.000,00
0,00
0,00
0,00
508.000,00
0,00
10.000,00
0,00
0,00
0,00
10.000,00
0,00
15.000,00
0,00
0,00
0,00
15.000,00
0,00
0,00
0,00
0,00
0,00
0,00

0,00
400.000,00
200.000,00
0,00
400.000,00
1.000.000,00
0,00
465.487,08
200.000,00
0,00
179.422,89
844.909,97
0,00
0,00
0,00
0,00
264.052,50
264.052,50
0,00
0,00
0,00
0,00
0,00
0,00
0,00
740.000,00
0,00
0,00
142.943,26
882.943,26
0,00
255.136,67
10.623,32
0,00
86.577,05
352.337,04
0,00
0,00
0,00
0,00
250.000,00
250.000,00

0,00

0,00

0,00

0,00

0,00

0,00

Vorlage
Pkt. 1

Ermächtigung
(neu)

bisherige
Veränderungen

Plan

Vorlage
Pkt. 2

Ermächtigung
(neu)

0,00
-280.000,00
0,00
0,00
0,00
-280.000,00
0,00
0,00
0,00
0,00
0,00
0,00
0,00
-2.821.500,00
0,00
0,00
0,00
-2.821.500,00
0,00
-508.000,00
0,00
0,00
0,00
-508.000,00
0,00
508.000,00
0,00
0,00
0,00
508.000,00
0,00
0,00
0,00
0,00
0,00
0,00
0,00
0,00
0,00
0,00
-250.000,00
-250.000,00

0,00
120.000,00
200.000,00
0,00
400.000,00
720.000,00
0,00
784.863,08
200.000,00
0,00
179.422,89
1.164.285,97
0,00
500.000,00
0,00
0,00
264.052,50
764.052,50
0,00
0,00
0,00
0,00
0,00
0,00
0,00
1.258.000,00
0,00
0,00
142.943,26
1.400.943,26
0,00
270.136,67
10.623,32
0,00
86.577,05
367.337,04
0,00
0,00
0,00
0,00
0,00
0,00

0,00
1.667.200,00
0,00
0,00
0,00
1.667.200,00
0,00
258.000,00
0,00
0,00
0,00
258.000,00
0,00
7.703.000,00
0,00
0,00
0,00
7.703.000,00
0,00
516.000,00
0,00
0,00
0,00
516.000,00
0,00
0,00
0,00
0,00
0,00
0,00
0,00
100.000,00
0,00
0,00
0,00
100.000,00
0,00
0,00
0,00
0,00
0,00
0,00

0,00
0,00
0,00
0,00
0,00
0,00
0,00
0,00
0,00
0,00
0,00
0,00
0,00
0,00
0,00
0,00
0,00
0,00
0,00
0,00
0,00
0,00
0,00
0,00
0,00
0,00
0,00
0,00
0,00
0,00
0,00
0,00
0,00
0,00
0,00
0,00
0,00
0,00
0,00
0,00
0,00
0,00

0,00
200.000,00
0,00
0,00
0,00
200.000,00
0,00
1.758.400,00
0,00
0,00
0,00
1.758.400,00
0,00
-7.703.000,00
0,00
0,00
0,00
-7.703.000,00
0,00
-516.000,00
0,00
0,00
0,00
-516.000,00
0,00
0,00
0,00
0,00
0,00
0,00
0,00
766.000,00
0,00
0,00
0,00
766.000,00
0,00
0,00
0,00
0,00
0,00
0,00

0,00
1.867.200,00
0,00
0,00
0,00
1.867.200,00
0,00
2.016.400,00
0,00
0,00
0,00
2.016.400,00
0,00
0,00
0,00
0,00
0,00
0,00
0,00
0,00
0,00
0,00
0,00
0,00
0,00
0,00
0,00
0,00
0,00
0,00
0,00
866.000,00
0,00
0,00
0,00
866.000,00
0,00
0,00
0,00
0,00
0,00
0,00

0,00

0,00

0,00

0,00

0,00

30.000,00

30.000,00

0,00

0,00
-691.500,00

0,00

0,00

0,00

30.000,00
-4.073.200,00

30.000,00

691.500,00

4.073.200,00

0,00

0,00

Seite 3

Landeshaupstadt Dresden
Schulverwaltungsamt

Anlage 2

Mindereinzahlungen

2015
Lfd.
Nr.

1

Projektnummer

HI.4030023.E7.05

BWE

Sachkonto

Bezeichnung

Anschrift

-

68110000

GYM_Bertolt-Brecht_
Neubau_Sporthalle

68110000

146. Grundschule
GS_146_Pieschen_Leisniger
Leisniger Straße 76,
_Neubau_Komplex
01127 Dresden

68110000

Gymnasium Süd-West
GYM_Südwest_Sanierung_S
Bernhardstraße 18,
chulgebäude
01069 Dresden

Bertolt-BrechtGymnasium
Lortzingstraße 1
01307 Dresden

Zwischensumme
2

HI.4011461.E7.05

-

Zwischensumme
3

HI.4030111.E7.05

-

Zwischensumme

Saldo Mindereinzahlungen

Übertrag aus
2014

Plan

2016

Ermächtigung
gesamt (alt)

Vorlage
Pkt. 2

Ermächtigung
(neu)

Plan

Vorlage
Pkt. 2

Ermächtigung
(neu)

2.135.250,00

0,00

2.135.250,00

-691.500,00

1.443.750,00

307.500,00

0,00

307.500,00

2.135.250,00

0,00

2.135.250,00

-691.500,00

1.443.750,00

307.500,00

0,00

307.500,00

0,00

0,00

0,00

0,00

0,00

1.073.200,00

-1.073.200,00

0,00

0,00

0,00

0,00

0,00

0,00

1.073.200,00

-1.073.200,00

0,00

0,00

0,00

0,00

0,00

0,00

3.000.000,00

-3.000.000,00

0,00

0,00

0,00

0,00

0,00

0,00

3.000.000,00

-3.000.000,00

0,00

-691.500,00

-4.073.200,00

Seite 1

Landeshaupstadt Dresden
Schulverwaltungsamt

Anlage 3

Mehr- und Minderauszahlungen und Minderaufwendungen
2015
Lfd.
Nr.

Projektnummer

HI.4044067.AK.20
HI.4044067.AK.30
1 HI.4044067.AK.40
HI.4044067.AK.50
HI.4044067.AK.70
Zwischensumme

2

HI.4044065.AK.70

BWE

Sachkonto

Bezeichnung

Anschrift

60.100.6120.0002

Saldo

96.970,77

0,00

0,00

96.970,77

0,00

0,00

0,00

Vorlage
Pkt. 1

Ermächtigung
(neu)

0,00
0,00
0,00
0,00
0,00

0,00
0,00
0,00
0,00
0,00
0,00

0,00
300.000,00
0,00
0,00
267.397,00
567.397,00

0,00
300.000,00
0,00
0,00
267.397,00
567.397,00

0,00

96.970,77

-96.970,00

0,77

96.970,77

-96.970,00

0,77

0,00

0,00

406.353,51

-406.353,51

0,00

61I_112

78510000

SGPI_Teilsanierung Schulteil
Makarenko

Förderschule zur
Lernförderung "A.S.
Makarenko"
Konkordienstr. 12a
01127 Dresden

-

89911200

Entnahme/Zuführung
Liquiditätsreserve

Rückstellungen aus
energet. Sanierung

42113000
42113000

SUOS_GS_129_Energetische _San._Geb.

0,00
0,00

0,00
0,00

0,00
413,00

20.000,00
0,00

20.000,00
413,00

-20.000,00
-413,00

0,00
0,00

42113000

SUOW_GS_135_Energetische _San._Geb.

0,00

0,00

0,00

20.000,00

20.000,00

-20.000,00

0,00

0,00
0,00
0,00
0,00
0,00
0,00

0,00
0,00
0,00
0,00
0,00
0,00

0,00
217,00
0,00
174,00
0,00
804,00

20.000,00
0,00
20.000,00
0,00
-16.730,51
63.269,49

20.000,00
217,00
20.000,00
174,00
-16.730,51
470.427,00

-20.000,00
-217,00
-20.000,00
-174,00
16.730,51
-470.427,00

0,00
0,00
0,00
0,00
0,00
0,00

HU.4011351.AK.30
HU.4011391.AK.30
HU.4011391.AK.70
HU.4021383.AK.30
HU.4021383.AK.70
HU.4021383.AK.70
Zwischensumme

0,00

Ermächtigung
gesamt (alt)

78510000

-

HU.4011292.AK.30
HU.4011292.AK.70

4

0,00
0,00
0,00
0,00
0,00
0,00

Plan

Budget
verfügt
2015

Förderschule zur
Lernförderung "A.S.
FÖ_LF_Makar_Sanierung_SG_
Makarenko"
Konkordienstr
Konkordienstr. 12a
01127 Dresden

Zwischensumme
3

0,00
0,00
0,00
0,00
0,00
0,00

bisherige
Veränderungen
HH-Plan
0,00
0,00
0,00
0,00
0,00
0,00

Übertrag aus
2014

61_K_350

42113000
42113000
42113000
42113000
42910000

SUOW_GS_139_Energetische_San._Geb.
SUOW_MS_138_Energetische _San._Geb.

0,00

Seite 1

