Anlage 2

3584
22

301

22

3025

115

301

115

307

76
1895

2425

76
1895

2425

76
1895

2425

76
1895

2425

76
1895

3185

351
1865

251
1895

300

76
1895

175

301

115

3025

22

301

22

2965

2425

76
1895

2425

76
1895

2425

76
1895

2425

76
1895

3185

350

437

Umkleide 06
16.34 m²
16.95 m

Büro 2
16.59 m²
17.04 m

375
Umkleide 07
16.34 m²
16.95 m

42
193
155
425
425

76
1895
2965

318
242

5

22

76
1895
301

318

5

242

5

22

318
76
1895
3025
1575

5

130
115

318
301
1895
301

5

DU/WC Schiri 1
5.73 m²
9.72 m

130
115

76
1895
307

136

300
5

24
24

DU/WC Schiri 2
6.74 m²
10.72 m
3435

325
251
1895

161

251

24

251

24

5

76
1895
357

155
115

3185
301
1895
301

130
115

76
1895
3025
1625

3185

3185

5

5

242
22

76
1895
301

242
22

425

5

425

425

200

Luftraum

5

1411

126
1895
Du/WC UK 07/08
16.00 m²
24.38 m

Umkleide 08
16.67 m²
17.07 m

437

Schiedsrichter 2
12.05 m²
13.89 m

Schiedsrichter 1
10.36 m²
12.89 m

Büro 1
16.59 m²
17.04 m

176

24
Umkleide 12
16.67 m²
17.07 m

24

Treppenhaus
44.57 m²
39.04 m

551

6425

Umkleide 11
16.34 m²
16.95 m

437

551

Du/WC UK 11/12
16.00 m²
24.38 m

Flur 2
28.60 m²
36.02 m

6425

Flur 1
27.72 m²
35.02 m

126
1895

176

24

301

Du/WC UK 05/06
16.00 m²
24.38 m

24

Umkleide 05
16.67 m²
17.07 m

Trainer 2
9.44 m²
12.29 m

176

Platzwart
16.92 m²
17.16 m

175

275

Trockner

Waschmaschine

551

Trainer 1
9.44 m²
12.29 m

24

24 90 24
176
24 90 24

193

6425

6425

551

437

225
24
176
24

Umkleide 09
16.67 m²
17.07 m

Du/WC UK 09/10
16.00 m²
24.38 m

3135

125

Umkleide 10
16.34 m²
16.95 m

3375
42

1411

3185

425
DU/WC Personal
Reinigung
7.65 m²
11.23 m

Waschmaschine

201

12

5

3185

DU/WC Trainer 2
5.87 m²
9.72 m

Trockner

5

3185

155

425

425

425

DU/WC Trainer 1
5.87 m²
9.72 m

425

425

3185

24

425

3185

1365

251

24 90 24

3185

193

24

176

155

2965

24 90 24

425

193
76
1895
2965

Allgemeine Nutzung

155
425
425

Nutzungseinheit 1
Nutzungseinheit 2

3584

Nutzungseinheit 3

OBERGESCHOSS

