Anlage 1

3384

76
76

2415

76
76

2425

76
76

2425

76
76

1555

425
WC Damen
10.03 m²
12.90 m

162
42

5

425

270

HAR
6.88 m²
10.59 m

Umkleide 3
16.34 m²
16.95 m

125

Umkleide 4
16.43 m²
16.98 m

WC behind.
7.24 m²
10.98 m

Du/WC UK3
15.88 m²
24.19 m

Du/WC UK4
15.88 m²
24.19 m

551

Saniraum
11.17 m²
13.39 m

Heizung
15.21 m²
16.54 m

2735
200

42

5

76
76
420

242
17

243

76
76
4045

243

76
76
17

5

2285

11

76
76
5

276

136

1865

251
226
24

251
3584

24

76
76
329

175

270
24

Lager 2
9.77 m²
12.92 m

182

76
76

Küche
14.87 m²
15.48 m

Lager PM
5.45 m²
9.34 m

6425

115
3545

Lager 1
8.36 m²
11.58 m

Flur
Küche
3.81 m²
8.59 m

385

2385

24

176

126
226

24

126
226

Flur 2
28.60 m²
36.02 m

Foyer
33.30 m²
31.55 m

Flur 1
16.93 m²
22.76 m

115
301
425

551

Umkleide 2
16.34 m²
16.95 m

Du/WC UK2
15.88 m²
24.19 m

74

Treppenhaus
11.29 m²
13.52 m

Du/WC UK1
15.88 m²
24.19 m

6425

Umkleide 1
16.09 m²
16.86 m

162

WC Herren
10.07 m²
12.90 m

Lager
8.16 m²
11.67 m

Ballraum 2
9.96 m²
12.84 m

Vorraum
öffentl.
Toiletten
8.43 m²
14.08 m

243
22

76
1895
298

2415
22

76
76
301

2425
22

76
76
301

2425
22

76
1895
2965

1411

243

425

425

2965

2325

22

301

301

24

22

176

301

24

76
76

22

3185

1865

251
226

292

220

1235

175

425

101
226

351

425

204

24

5

126
226

251

24 90 24

24

380

176

207

12

24 90 24

153

5

17 STG
17.6/27.5

526
1895

Vereinsraum
40.27 m²
27.59 m

Terrasse
28.22 m²
32.22 m

960

26
175
24 85 5

5

425

425

101
226

260

425

2355

301
1895

12

380

Ballraum 1
9.88 m²
12.80 m

176

175
24 85 5
176
24
551
425

1411

24

262

425

425

17

4195

5

5

42

5

425

200

Allgemeine Nutzung

1555
42

5

Nutzungseinheit 1

115

Nutzungseinheit 2
Nutzungseinheit 3

ERDGESCHOSS

