Änderung Finanzhaushalt 2016 (Werte in Euro)
Nr.

2.0

2.1

2.2

2.3

2.4

2.5

2.6

2.7

2.8

2.9

2.10

Bezeichnung

Ergebnishaushalt
Bereitstellung Verkehrsflächen bei
Bundesstraßen
Bundesstraßen
Finanzhaushalt
Erwerb von Fahrzeugen

Erwerb Sachanlagevermögen A66

GP_HW02_Gompitzer Straße, 5. BA

SP_G-Standorterschließung/-gestaltung

SP_S-ÖPNV-Maßnahmen

SP_G-Ingenieurbauwerke

HW02_Pirnaer Landstraße, 5. BA

Instandsetzung Augustusbrücke

B0100 Brücke Blaues Wunder

Produkt,
TU bzw. TI-Projekt

Zuordnung
Bewirtschaftungseinheit

10.100.54.4.0.01

Sachkonto

Einzahlungen
2016
alt

Einzahlungen
2016
HER+Üpl/Apl

Einzahlungen
2016
Änderung

Einzahlungen
2016
neu

42215000

Auszahlungen
2016
alt

Auszahlungen
2016
HAR+Üpl/Apl

Auszahlungen
2016
Änderung

Auszahlungen
2016
neu

Zuschuss
2016
neu

0,00

0,00

893.249,00

893.249,00

893.249,00

0,00

0,00

893.249,00

893.249,00

-1.082.100,00

66_K_001
10.100.54.4.0.01
70.660010.710.001
Summe Ausgaben
70.660099.710.004

TI.12402.A66.V
TI.12402.A66.G
TI.12402.A66.B
Summe Ausgaben
TI.12402.E66.705
TI.20111.A66.V
TI.20111.A66.G
TI.20111.A66.B
Summe Ausgaben
TI.20111.E66.705
TI.20711.A66.V
TI.20711.A66.G
TI.20711.A66.B
Summe Ausgaben
TI.20711.E66.705
TI.30111.A66.V
TI.30111.A66.G
TI.30111.A66.B
Summe Ausgaben
TI.30111.E66.705
TI.25202.A66.V
TI.25202.A66.G
TI.25202.A66.B

31410000
66_I_001

66_I_001

66_I_021

78520000
78210000
78520000

Summe Ausgaben
TI.30309.E66.705

68110000

TI.30715.A66.V
TI.30715.A66.G
TI.30715.A66.B

78520000
78210000
78520000

Summe Ausgaben
TI.30715.E66.705

68110000

66_I_004

0,00

0,00
0,00

0,00
0,00

5.700,00
5.700,00

5.700,00
5.700,00

5.700,00
5.700,00

0,00

0,00

0,00

0,00

0,00
0,00

6.801,53
6.801,53

75.000,00
75.000,00

81.801,53
81.801,53

81.801,53
81.801,53

0,00
0,00
0,00
0,00

45.421,52
0,00
241.374,41
286.795,93

-45.421,00
0,00
-241.374,00
-286.795,00

0,52
0,00
0,41
0,93

0,52
0,00
0,41
0,93

0,00
0,00
300.000,00
300.000,00

21.319,92
42.619,43
348.847,41
412.786,76

0,00
0,00
322.795,00
322.795,00

21.319,92
42.619,43
971.642,41
1.035.581,76

21.319,92
42.619,43
971.642,41
1.035.581,76

0,00
0,00
0,00
0,00

2.019,39
0,00
77.617,00
79.636,39

0,00
0,00
29.654,00
29.654,00

2.019,39
0,00
107.271,00
109.290,39

2.019,39
0,00
107.271,00
29.636,39

0,00
0,00
700.000,00
700.000,00

111.094,66
0,00
695.224,92
806.319,58

0,00
0,00
-199.385,00
-199.385,00

111.094,66
0,00
1.195.839,92
1.306.934,58

111.094,66
0,00
1.195.839,92
1.006.934,58

0,00
0,00
0,00
0,00

5.333,99
148.343,80
27.979,75
181.657,54

0,00
-90.800,00
-25.900,00
-116.700,00

5.333,99
57.543,80
2.079,75
64.957,54

5.333,99
57.543,80
2.079,75
64.957,54

0,00
0,00
64.300,00
64.300,00

46.863,20
0,00
250.000,00
296.863,20

0,00
0,00
-63.565,00
-63.565,00

46.863,20
0,00
250.735,00
297.598,20

46.863,20
0,00
250.735,00
111.163,20

0,00
0,00
0,00
0,00

0,00
0,00
410.031,45
410.031,45

0,00
0,00
405.895,00
405.895,00

0,00
0,00
815.926,45
815.926,45

0,00
0,00
815.926,45
378.422,45

0,00
0,00
1.459.450,00

68.220,53
0,00
-126.492,42

0,00
0,00
699.385,00

68.220,53
0,00
2.032.342,58

68.220,53
0,00
2.032.342,58

0,00

0,00

0,00

0,00

0,00

0,00

0,00

0,00

50.000,00

0,00

29.654,00

79.654,00

300.000,00

0,00

0,00

300.000,00

78520000
78210000
78520000

TI.30309.A66.V
TI.30309.A66.G
TI.30309.A66.B

TI.31012.A66.V
TI.31012.A66.G
* Änderung i. H. v. 250 000 Euro wird erst bei TI.31012.A66.B
Vorliegen des Fördermittelbescheides

0,00

78520000
78210000
78520000

68110000

CB_K6240-Brücke DB-Anlagen Talstr.

0,00

78520000
78210000
78520000

Summe Ausgaben
TI.25202.E66.705

66_I_056

0,00

78520000
78210000
78520000

68110000

66_I_021

1.975.349,00

78520000
78210000
78520000

68110000

66_I_003

893.249,00

7400000

68110000

66_I_003

0,00

7400000

68110000

66_I_003

1.082.100,00

78520000
78210000
78520000

0,00

0,00

0,00

0,00

0,00

31.609,00

0,00

186.435,00

405.895,00

0,00

186.435,00

437.504,00

Anlage 2

wirksam

2.11

2.12

2.13

2.14

2.15

2.16

SP_B-Einzelmaßnahmen Straße

Merbitzer Straße

SW_K6213_Hochlandstraße

GP_K 6240 - Altnossener Straße

SP-G-Radwegenetz

SP-Radwege an Gemeindestraßen
* Änderung wird erst bei Vorliegen des
Fördermittelbescheides wirksam

2.17

2.18

2.19

SP_G-Verkehrssicherheit, -leiteinricht.

SP_Investitionen ÖB Elt

SP_Investitionen ÖB Gas

Summe Ausgaben
TI.31012.E66.705
TI.40411.A66.V
TI.40411.A66.G
TI.40411.A66.B
Summe Ausgaben
TI.40411.E66.705
TI.42113.A66.V
TI.42113.A66.G
TI.42113.A66.B
Summe Ausgaben
TI.42113.E66.705
TI.42910.A66.V
TI.42910.A66.G
TI.42910.A66.B
Summe Ausgaben
TI.42910.E66.705
TI.43111.A66.V
TI.43111.A66.G
TI.43111.A66.B
Summe Ausgaben
TI.43111.E66.705
TI.50111.A66.V
TI.50111.A66.G
TI.50111.A66.B
Summe Ausgaben
TI.50111.E66.705
TI.50112.A66.V
TI.50112.A66.G
TI.50112.A66.B
Summe Ausgaben
TI.50112.E66.705
TI.50511.A66.V
TI.50511.A66.G
TI.50511.A66.B
Summe Ausgaben
TI.50511.E66.705
TI.52811.A66.V
TI.52811.A66.G
TI.52811.A66.B
Summe Ausgaben
TI.52811.E66.705
TI.52911.A66.V
TI.52911.A66.G
TI.52911.A66.B
Summe Ausgaben
TI.52911.E66.705

68110000

66_I_005

249.196,00

0,00

57.801,00

67.683,00

300.000,00

0,00

160.114,00

175.700,00

0,00

22.100,00

0,00

0,00

146.683,00

150.000,00

30.000,00

184.290,00

0,00

0,00

3.085,00

600.563,11

0,00
0,00
720.000,00
720.000,00

62.926,60
0,00
6.010,92
68.937,52

0,00
0,00
251.413,00
251.413,00

62.926,60
0,00
977.423,92
1.040.350,52

62.926,60
0,00
977.423,92
358.937,52

0,00
0,00
395.850,00
395.850,00

24.112,18
0,00
613.028,69
637.140,87

0,00
0,00
249.196,00
249.196,00

24.112,18
0,00
1.258.074,69
1.282.186,87

24.112,18
0,00
1.258.074,69
706.240,87

0,00
0,00
0,00
0,00

8.123,34
0,00
335.394,65
343.517,99

0,00
67.683,00
67.683,00

8.123,34
0,00
403.077,65
411.200,99

8.123,34
0,00
403.077,65
285.716,99

0,00
0,00
600.000,00
600.000,00

2.729,02
0,00
228.036,05
230.765,07

0,00
0,00
160.114,00
160.114,00

2.729,02
0,00
988.150,05
990.879,07

2.729,02
0,00
988.150,05
530.765,07

0,00
0,00
588.200,00
588.200,00

26.101,12
46.501,13
16.983,52
89.585,77

0,00
0,00
22.100,00
22.100,00

26.101,12
46.501,13
627.283,52
699.885,77

26.101,12
46.501,13
627.283,52
502.085,77

0,00
0,00
1.000.000,00
1.000.000,00

16.395,59
0,00
289.166,05
305.561,64

0,00
0,00
146.683,00
146.683,00

16.395,59
0,00
1.435.849,05
1.452.244,64

16.395,59
0,00
1.435.849,05
1.305.561,64

0,00
0,00
580.000,00
580.000,00

55.823,73
0,00
537.624,62
593.448,35

0,00
0,00
184.290,00
184.290,00

55.823,73
0,00
1.301.914,62
1.357.738,35

55.823,73
0,00
1.301.914,62
993.448,35

0,00
0,00
400.000,00
400.000,00

57.872,18
0,00
310.787,70
368.659,88

0,00
0,00
3.085,00
3.085,00

57.872,18
0,00
713.872,70
771.744,88

57.872,18
0,00
713.872,70
768.659,88

0,00
0,00
100.000,00
100.000,00

16.413,26
0,00
53.410,92
69.824,18

0,00
0,00
31.102,00
31.102,00

16.413,26
0,00
184.512,92
200.926,18

16.413,26
0,00
184.512,92
169.824,18

6.907.800,00

5.130.061,76

2.880.899,00

14.918.760,76

7.853.901,76

460.114,00

197.800,00

146.683,00

364.290,00

3.085,00

0,00

0,00

31.102,00

31.102,00

Gesamt

3.469.550,00

714.410,00

2.880.899,00

7.064.859,00

Eigenmittel (alt)

7.853.901,76

Eigenmittel (neu)

7.853.901,76

Eigenmittelabweichung

2.100.563,11

125.484,00

78520000
78210000
78520000
68110000

699.385,00

575.946,00

78520000
78210000
78520000
68110000

66_I_006

235.000,00

78520000
78210000
78520000
68110000

66_I_006

91.750,00

-58.271,89

681.413,00

78520000
78210000
78520000
68110000

66_I_006

251.413,00

78520000
78210000
78520000
68110000

66_I_025

0,00

78520000
78210000
78520000
68110000

66_I_025

430.000,00

1.459.450,00
1.500.000,00

78520000
78210000
78520000
68110000

66_I_005

250.000,00

78520000
78210000
78520000
68110000

66_I_018

360.000,00

78520000
78210000
78520000
68110000

66_I_005

890.000,00

0,00

Anlage 2

