16

10

9

12

23

20

3

25

7

18

14
16

5

7

Anlage 4

24

27

26

9

31

15

4

5

18

29

8

20

20

11

9

33
31

11

22

6

13

6
8

24

15

13

a

28

3

LEGENDE
Spiel- und Sportanlagen

15
17

15

33

4
28
b

13

10

33a

19

19

35

19
10a

i

1

84

b

f

28

c

28
d

3

12

20

1b

11

a

35

19

35
b

28

e

1

28

19

Sportanlage (Sporthalle/Sportplatz)

a

84

2
9

18

37

18

5

37

32

b

30

a
43

41
b

2a

32

2
7
16

41

39

a

32

39

4
2b

b
43

34

43

14

7

43

e
32

34

41

c

19

36

39

41

2

b

36

5

d
43

12

2b

36

41

43
43

e
43

38

22

3

21

10

12
a

36
c

1
40

1

26

45

3
f
43

38

45

24

23

Gehweg mit "Radfahrer frei"

6
3

8

47

42

47

18

2

14

71

4

d

38

1

b

16

38

44

gemeinsamer Geh- und Radweg

73

2

46

75

40

42

29

28

c

48

38
12

5

7

a

31

38

51
49

S

50

77

53

51

Ru
do
lf-B

52

2a

2b

33

1

79

1a

erg
an
de
r-R

81

51

a

Leu
ach
bnitzb

3

54

S- und Eisenbahnstrecke mit Haltepunkten
8

44

ing

56

3

2d

8a

12

53

7b

P+R

10

3a

B+R

Park+Ride (P+R) und Bike+Ride (B+R) Standorte

ing
ixR

7
5b

30

-D

4d

5a

Ot
to

5

3b

6

1
a

44

3a

KITA / Hort

7

60

P+R B+R

7

10
1

5

4

99
10
3

5a

97

48

58

7a

4

93

95

98
10
2

0

10

5

3

6a

7a

57

4

8

1b

6

9

10
6

10

1

1a

Schule

8a

9a

11
0
11

2

2

10

1b

12

8

ma
r-W

18

Behinderungen

36

69h

69e

13

67

eg

3

20

Kinder, Jugendliche, Familien, Seniorinnen u. Senioren,

1

11

8

16

65

oh

60

14

-L

6

5

14

He
inz

9

63

1

Ru
do
lfB

61

4

1a

3

er
ga
n

12

34

de
r

59
10

1a

-R
ing

10
8

2

69i

10

15

22

15

38

3

22

5

f

71a

69

69b

43

5a

21

10

M

oe
lle

10
4

34
33

6

21

de

19
13

a
22

do

57

76

a

11

Ru

59

9

2

7

5

4
3

4a

32

53
1

3

31

34

12

10
8

6

78

6

a

90

4

55

88

2

86

84

2

83
23

44

4

57

2

b

78

62

78

2

80

78

76

74

4

72

6

8
2

4

87

3

3

83

8

70

68

10

34

12

71

10

38

12

16

2

14

d

9

15

12

87

13

4

26

28

24
20

14

20

6

b

29

11

18

17

17

48

84

87

8

24

77

24

15

95

22

5

50

c

21

10
79

33

28

12

25

26

80

82

26

7

23

23

18

21

66

28

3

20

9

70

25

2

66a

19
88

30

30

56

32

32

34

24

31

89

8
92

3

36

33

18

33

36

26

34

4

6

20

58

24

22

31

3

2

5

21

29

38a

23

90

22

2a 2

29

78a

4

11

27

27

76a

1

60

62

64

76

78

17

1

38

29

31

16

f

19

22

3

19

13

5

30

22

20

1

e

29

87

18

15

11

11

37
67

27

14
8

7

13

16

75

10

11

9

9

31
18

a

65

36

6

90

14a

36

9
73

11

17

35
16

67

87
c

7

7

21

5

29

8

b

8

87

10

9

12

3

4

6

64

14

7

5

5

69
82

66

13

7

6

67

80

84

1

5

11

65

4

8

a

9

25

85

63

32

82

6

61

46

6

25

3

82

1

1

1

6

7

2

59

5

27

29a

12

Gebietsumgriff Soziale Stadt
Dresden - Am Koitschgraben

8

80

42

81b

ach
nitzb
Leub

3

4

78

b

2

25

32

10

21

5

53

40

4

55

49

-Ring
Otto-Dix

3

33

38

60

47

81

23

30

33

34

21

1

3

2

92

29

36

52

9

28

54

7

5

30

12

4

6

51

8

10

56

c

76

94

14

49

79
58

96

sonstige Dienstleistungen

27

76

28b

76
b

98

47

77

26

19

Otto-Dix-Ring

75f

21

28

23a

31

19
15

63

25

23

51

61

21

26

22

11

50

45

75e

19

23

1

Einzelhandel

19

79

24

17a

17b

17

19a

24

lf-

13

48

43

76

75h

75d

17c

17d

75a

Be

41

en
ab

75b

15

19

21a

21

3
28a

15

46
0

lgr

10

Mitte

75c

rg

15

17

44

20

75g

75

15a

an

15

17

17a

9
7
5

Bau/Industrie

20

72

2

13

42

13

13a
39

3a

KFZ-Handel/KFZ-Reparatur

r-R

23

18

25

8
38
40

37

b

10

10
2

35

24

36

11

3

22

ach
nitzb

eg

5

1

11

Leub

7

Wohnen

r-W

31

28

30

32
9

73b

9
70

-D
i

He
inz

68

m
un
d-

10
6

11

11a

29

Ot
to

-Lo

73

7
27

61

4
66

hm

28

73e

73d

73c

0.2

25

Wohnen, wesentliche Gewerbeeinrichtungen

Ed

18

71

9

xRi

5

ng

arW

26

2

69d

73f

12

19

7

23

16

Wa
Wa

22

1

ing

24

69g

69c

69

eg

17

5

2

4

38

94

7

3

8

38

16

9

74

40

37

6

91

35

35

78b

6

40

42

42
44

96

b

1

41
43

3

14

2

43
15

17

95

45

4

97

98

5

46

1

34

+8
1.3

5

48

7

3a

10
0
10

21

46

19

9

47

15

14

4
4
10

6

a

10

49

8

1
3

6
18

0
11

2
21

16

8

24

58

4

2

22

54

1

14

6

56
62
64

18

10

1b

43

10

60

41

12

29

14

ite

35

27

65

67

66

99

39

10

37

nle

25

63

65
68

35

ge

23

8

1

66

33

68

1

6
11

52

20

23

60

8
10

11

2
48
50

31

4

19

10

or

61

6

63

15

70

3

10

54

56

29

17

6

M

33

59

61

1

72

a

2

4

1

99

29

21

58

15

27

19

57

57

59

5

41.3

5

20

25

17

60

13

58

27

15

55

24

4

54

16

50
52

25

11

53

18

18

20
22

20

62

9

16

23

51

53
55

13

3

64

7

14

42

21

3

1

10

5

44

8

12

19

b

51

56

10

17

49

49

40

16

52

47

6
8

38

11
10

2
10

2

45

37

50

13

36
23

48

11

49

32
46

13a

93

1

30

10

y

He

96

41

44

39

7

de

13

12

39

99

5

g

we

ch

i
nre

11

37

10

28

45

28

10

24

28

68

14

30

30

32

21

34

13

12
14

72
16
42
23

4

18
74

28

17

44

76

30

38

21

20

27

39

45

14

11

47

40
37

49

16

51

44

43
39

a

4

24

6

3

3a

5

7

22
24

37

53

1

18

26

10

2

29

28

48

20
50

54

33

15

22

12

30

32

8

13

20

4

11
24
52

2

35

50

34

54

14

3

17

15

33

31

18

56

4

13

27

2

1

36

22

6

52

Wa

58

10

12

12

14
16

24

26
28

18

1

10

8

10

12
14

16

6

2
19

17

19

31

21

35
37

21

25

8

23

29

8

6

10

12
16

14a

14
20

18
22

22

24

4

15

26

39
28

22

30b
32

27

1

14
16

2
4

23

20

14

2

17

21c

52

33

21

31

3
1
1a

21f

2

27

21g

8

4

6

25

21h

23

6

15

7
5

21a

22

48
50
52

60

6

56

16

8

56

21

19
17

29

9

46

15

4

3

42
44
25

23

58

148

21

18

17

4

2
4

21

2
19

46

13

15

23

21b

9

73

13

11

66

13

27

68

11

6

15

25

Z

3

g
we

22

27

34

30

75

70

8

1

23

eg

1

3

40
144

146
19

54

10

17

3

21

6

9

19

gw

i
eis

5

12

5

10

17

eg

37

15

3

lw

20

gs

1

35

7

13

46

24
11

42

4

38
12

9

3

g

eg

rw
To

1

rlin

3

5

25

1

l
18

18

se

42

e
Sp

11

40

e
tief

12

nS

7

44

os

69

9

5

Dr

10

3

ene

29

we

old

67
1

en

65a

27

64

1

G
Am

65
21

6
11

7

19
17

nk

15

eg
elw

Fi

13

9

5

1

3

30

11

11

2

13

28

ht

4

tto-We
g

1

Hans-O

26

ac

7

W

6

7

6

1

8

46
46

41

37

12

58

25

11
a

35

Am

9
12

33

22
2

23

h

Le

10
31

16
18
20

31a

31

54

29

12

14

60

50
52

35

7
8

a
mh

46
48

25

10

29

We
g

us

44

42

33

23

38

31

tto-

6

19

36

7

Ha

2
15

32
34
36

21

4

10

36
38
40

26

34

27

19

16

eg

80

32

19

11

34

70

7

6

8

d-W

17

hol

5

ein

12

78

26

28
30

26

2

8

26

12

66

74

76

64

6

8
4

6

20

72

62

70

74

2
4
22
24
32

75

5

Ott
o-R

15

73

2a

9

25

6

13

1

14

40

32

71

15

8

118
8
10
12
16

18
20
22

24

29

21

69

5

65

81

1
3

27
48

11

63

13

79

7

46

9

61

77

5

25a

13

9

59

75

3

28

7

57

75

1

4
6

17

nsO

113

2

7

3

19

109

22

9

3

113b

111

107

20

1

17

113a

3

105
55

39

73

22

11

1

15

10

53

71

73

43

5

25

23

15

13

5

37

Besselplatz

51

76

3

49

69

71

41

2

21

11

47

40

67

69

17

4

6

Gewerbeverteilung im Wohngebiet Am Koitschgraben (Stand 2014)

16

18

10

8

14

