1

55

58

3

92

57

33

2

24

35

31

89

8

18

36

20

13

26

42

5
4

7

94

11

37

18

44

9

40

37

28

Anlage 4

91

35

16

11

59

10

9

39

93

96

16

41
13

39

7

46

LEGENDE

2

10

3

14

46

b
96

1

30

7b

5a

5

15
17

95

5

2

4

97

41

34

98

12
6

9

7

19

0
10

3

14

9

5

21

11

Spiel- und Sportanlagen

2

23

4

10

4

6

7

1

8

en

gr

ab

nd

er

La

lis

oh

8

3
5

10

3

7

6

16

16

15

Pr

19

12

9

10

10

17

40

44

2

6

8

38

8

15

14

1

13

36

46

2
10

32

25
18

23

11

0

13
15

29

2

a

17

29

21

47

19

6

21
23

20

Freibad/Schwimmhalle

b

15
15i

4

2

c

11

31

4

17

1b

99

11

2

27

11

20

27

22

24

19

52

18

25

17

20

45

48

10

9

16

18

15

50

8

21

14

42

15
10

1

4
6

6

33

37

99

e

15

Sportanlage (Sporthalle/Sportplatz)

39

25

g
15

16

49

35

2

27

24

10

15f

1

10

12

29

18

41

5

8

a
15

d

1a

8

23

35

14

15h
15

22

54

4

11

56

33

6

1b

10

4

43
45

6

113b

111

51

5

37

26

a

3

49

20

17

15

3

16

12

113a

10

46

47

14

105

53

18
7

107
59

9

7

109

11

10

9

28

57

20

8

55

11

39

22

22
11
28

24

21
118

12

63

13
30

8

26

15

30

15
17

13

5

2a

58

7

75

11

16

19

32

34

32

55

1

73

9

21

25

14

23

71

16

36

Altreick

69

12
18
20

22

a

6

10

15

53

65

19

4

14

9

7

5

53

61

113

2

3

3

13

13

24
26

60

34

13
62

2
en
ab
gr

64

17

19
oh

12

Pr

21
27

23

29

25
66

7

22

39

24
20

68

33
35

41

er
we
g

72

17

15

11

13
15

15

5

3

1
6

40

38

P+R

34

41

B+R

Park+Ride (P+R) und Bike+Ride (B+R) Standorte

32

79

19

1

13
11

21

9

3

7

11

23

29

15

31
33

17
21

43

5

25

35
37
39

41

5

23

23

3

38

23
25

Proh
li

36

27

18
20

78

25

19

1

21

27

a
14
16

d

3

14

16

23
6

17

19

29

g

nw
ise
Me

19

A A

78

17

25

31

3

we

eg

2

17

2

19

17

1

gs
10

13

6

39

4

16

36

13
2

23

18

ser A
llee

12

8

4

20

21

rlin

8

11

2
4

10

14
16

15

18

14
16
18
20

12

10
12
14

10

12

10

6

22

1
9

22

39

56

21

8

8

26

80

26

28

24

eg

28

30

6

11

w
er

24

8

13

S- und Eisenbahnstrecke mit Haltepunkten

13

27

4

10

25

15

6

15

23

32

2

22

2

1

1

43

4

12

67

11

21

6

13

8

Wa

34
20

19

4

mm
lda
Go

3

1

2

9

19

eg

gw

9

36

5

e
Sp

4

10

5

17

3

2

31

11

15

3

40

7

13

28

17

58

4

6

24
11

eg

g
we

Z

i
eis

B+R

65

12

9

1

en

1

42

9

5

7
14

38

99

5

nk

eg
lw
se
os

44

16

3

29b
40

7

22
29a

1

Fi

Dr

g
we

r
To

3

42

19

18

20

S

29c

elw
ht
ac

28

30

1

76

7

W

26

17

3

44

1

a

46

51

53

20

5

45

49

9

7

29

19

11

12

12a

43
39

47

8

13

21
74

6

19

29d

4

G
ol
d

18

1

17

97

2

70

4

18

21

gemeinsamer Geh- und Radweg

2

am
m

23

95

50

14a

93

15

5

52

14

16

37
10

10a

13

3

54

6

40

5

31

44

10

1a

48

Gehweg mit "Radfahrer frei"

12
1

6
1

22

11

Wa

46

14

3

8

16

20

91

46

16

37

18

25

a

24

29

7

39a

6

2

43

25

b

52

10

24

lis

26

10

11

14

18

11

8

La
nd

26

2

er

28

83

9

12

89

54

4

30

38

8

10
46
48
50
52

35

11

4

85

42

33

6

9

87

9

2

36

29

44

27

7

7

23

7
6

40

32

23

15

11

Ruine

4

28

38

31

5

30

34
36
21

3

27

3

32

19

1

2

57

34

5

17

25

3
4

8

5

80

24

8

KITA / Hort

80

b

1

39
29

26

5

31
9

28

12

37

33

11

27

3

41

5

16

28

7

9
11

r

Schule

13

30

14

22

a

6

24

27

10

45

20

3

35

a
56

35

45
13

39

20

58

27a

e
Ang
Am

Dohnaer Platz

54

7

33

14

16
18
b

56

40

22

7

10

12

15

56

32

lle
27

lis

.4

51

23

98

Pr

25

31

1

43

12

oh

42

3

38

49

17

30

29

40

44

40

a

9
11

48

98

er
A

23

50

46

44

e

31

36

18

34

21

27

31a

52

0

28b

19

10

25

28d 28c

21
54

Ruine

8
16

31

19

29

47

15

37

17

31

28e

28f 28a

60

42

18

23

29

a

60

49

4

1

32

21

Kinder, Jugendliche, Familien, Seniorinnen u. Senioren,

25

35
47

39

28

19

3
4

9a
11

27
17

5

45

7

29

26

15

37

tz

9b

la

43

33

13

f-P

34

31
35
37

24

11

39
41

22

4

20

39

Al

be

Am Anger

37

rt-

1

W
ol

37a

2
17

67

11

Behinderungen

Albert-Wolf-Platz

9

2

15

Wohnen, wesentliche Gewerbeeinrichtungen

22

2

4
17

4

6

18

13

11

8

11
13
9
30

17

18

20

10

21

12

19

3

25

2

6

22

3

23

KFZ-Handel/KFZ-Reparatur

1

14

23

21

28

1
17

Bau/Industrie

8

9

28

10

26

6

7

30

17

50

24

4

5

A

19

2

25

22

Wohnen

82

41

27
24

65

15

7

A

29
5

20
26

27
29
28
45

19

32

11
4

26

12

12

Einzelhandel

19

2

a

3

1

6

13

14
1
8

15

16

10

a
63

24

7

17

12

2

18

la
tz

2

26
9
14

55

43

10

9

4

6

lis
er

18

6

8

oh

20

8

Pr

59

10

11

10

17

22

10

54
16

Al

6

2

4

8
7

57

9

15

25

13
10

b

a

59

57

13

8

7

23

1

11

17

24

19

13

12

12

6

12

27

2a

22

15

14

21

29

14

15

14

3
21
26

17

16

16

16

61

19
5

58

23

18

4

28

18

8

Soziale Stadt Gebiet Dresden-Prohlis
56

12

11
6

11

le

4

5

e

5

21

9

A

Wa

sonstige Dienstleistungen

22

4

13

r-P

20

2

b

19

5

22

te

Tornaer Lehmgrubenteich

10

20

6

W
in

2

8

3

1

b-

18

5

3

co

18

16

10

7

24

Ja

Tornaer Lehmgrubenteich

20

25

30

18

18

21
4

17

31

22

19

65

22

24

5

25

7a

34

3

32

27

20

23

Tornaer Haldenbecken

26
24

15

2

30

13

25
60

35
34

9

2
37

32

tz

20

33

la

36

28

r-P

30

33

32

te

67

in

11

33

7

26

a

bW

31

12

67

28

co

31

29

12a

1

6

c

18

67

23

29

17

27

Ja

4

18

34

39

35

22

24

41

6

54

43

52

48

46

62

26

44

42
40

38

39

8

37

36

10

69

32

28

41
30

12

34

32

16

43
16

14

36

34
19

0

16
36

45
38

18
95

44

eg

40

rW

43

105

83

La
ng
e

42

40

42

85

44

40
44

42
103

14

a

46

65

45

67

107

81

48

69
75

79

71

50

73

77

73

46

93

61
48

71

16

A

101

87

41

59
63

99

89

39

57

97

91

37

53
55

38

51

35

Prohliser Allee

49

68

47

10

9

11

52

1

11

35

54

3

40

11

7

80

37

42

66

68

52

54

56

58

60

62

64

40

42

46

48

50

56

11
5

44

45
43

36

49

51

53

34

55

57

59

61

63

65

67

55

29

74

47

a
76

32

27

30

41

25

76

28
46

23

26

Nickerner Abzugsgraben

21

43

24
19

51

45a

22
53

en

47

sgr

20
8
48

18

17
3

16

15

43a

75
14

Wa

13

45

12

11

42

40

38

45

44

5

50

10

28
2

10
8

9
24

5
22

25

41

3
6

Wa

18

58

39

21

14

a

36

36

20

23

9

Wa

49

16
14

51

16
19

48

37

10
11

56

13

34

11

12

14

32

17

16

1

13

39
13

18

32

55
33

8

4

30

2

15

60

6

7

35

15

10

2
5

58

8
9

53

12

11

6

8

4

29

13

31
25

9

26

27

15

8

25

16

28

23
6

7

21

14

5

11

23

12

8

14
12

5

21

10

6

8

19

70

20
4

23

4

2

17

15

18

1

9

18

7

16

1

3

31

5

12

11

1

32

13

17

3

20

20

16

3

4

21

8

12
10

10

13

38

21
6

12

35

74

72

70

4

68

15

11

76

3

2

2
a

5

4

1

5

9

7

11

6

79

2a

64

10

6a

3b

66

6

14

23

40

78

9

80

82
6b

7

8

2b

77

78

14

6

8

80

2a
8

6

16

75

76b

5

7

33

4

2b

14

36

7

14

1

3

73

76

10

9

2

2

16

71

34

4

4

29

P+R

2

18

69

2

3

18

19

11

7

16

6

5

67

30

10
80

22

65

72

21

11

29

12

18

9

24

27

33

2

10

24

21

63
74

6b

8

14

20

13

22

50

35

3
16

22

1

11

10

62
10

13

4

3

5

29

3

82

81

60
12

58

8

1a

11

9a
4
9

9

7
5

7

2

44

i

4
5

3

5
44
h

3

37

6

23

35

87

2

46

21

48

53

33

11

4

6
50

19

1

86
16

6

1

8

52

8

13

18

10

b

84

9b

A

11

5

13

83

54

17

31

3

56

15

12

9

3

8
44e

15

9
88a

20

1

15

89

1

88b

4

44d

91b

89a

11

14

b
1.

2

44

88

c

26

13

30

26

28

22

24

18

20

16

2

14

15c

32

b

a

90

91

34

44

12

36

38
22

a

0.5

91

44

40

44

42

92

17

a

90

13

15

17

19
19a

24

11

19

95a

43

94

1

9a

64

37

5

4

24

26

19

61

68

2

6

28

59

66

7

26

1

10

4

17

6

31

20

9

30

57

28

9

54

8

47

52

27

7

12

43

26

1

ker
Nic

zug

7

r Ab

ne

3

ab

49

69

