4
10

6
1

8

10

3

6
10

3

7

16

de

10

8

21

rS

9
23

18

8

19

ch
le

11

0
11

ifs
ch

13
15

17

25

20

27

eib
e

17

1b

2

99
a

11

19

Anlage 1

45

15
22

24
17

29

21

15

19

6

b
47

15i

21

4
11

2

23

20

2

15

17

An

18

18
20

9

7

5

16

8

15

14

e
leit
en
rg
Mo

6
8

10
12

14
16

c
15
10
1

6

33

4

11

6

4

15h

a
15

d

37

8

2
1
41

29

101

b

4

43
45

M

47

org

49

en

17

15
113b

111

51

leit

5

26

113a

103

6

3

20

LEGENDE

15f

5

24

27

18

e
15

g
15

99
39

25

Besselplatz
10

12

14

16

a
46

23

49

35

22

15

1a

53

e

105
55

8

18

11

21

11

118
13

58

2a

17
32

19

9
11

16

32

14

6

30

15
7

75

14

55

73

16

20

21
22

23

Altreick
1

5

26

19

a
53

us
ha

71

18

hm
Le

69

Am

65

2
4

8
10
12

12

63

Besselplatz

53

61

28

13

113

3

22

30

9

7

109

10

9

28

107
59

20

Seidn
itzer
Weg

7

57

22

24
26

60

13
62

15

3

Ruine

30

4

be

n

87

gra

24

17

hlis

19

85

Pro

27

7

er

La

64

nd

26

21

org

27

23
29

25

leit

39

8

83

e

42

66

en

38

44

23

7
6

4

Le

M

36

Am

2

40

us
ha
hm

2

28

7

34

5
2

32
34
36
38

57

34

31

25

3

a

35

41
37

43

16

11

39

45

47

1

10

49

16

4

10
10a
14

18

2

20

8

13

9
2

7

52

f.

D

97

5

15

54

74

6

17

15
13
11

12

12a

5

Bh

29d

29

re

sd

3
44

en

1

7

-D

4

22

29c

ob

ritz

17

29a

2

1
19

6

3

19

24

9

5

7

4
10

6

9

8

10

21

8

31

11

10

38

10

5

17

r
ge
An

15

12

14

7

13

eg
lw

Am

11
19

23

36

16

14

65

12

9

hte
ac

4

99

5

W
6

29b

40

28

58

3

42

16

56

26

76

11

50

19

48

21

18

95

1

17

4

46
a

53

23
3

15

Wa

72

51

14a

93

20

22

24

30

6

1

1a

13

18

28

70

6

8

44

10

68

33

11

14

91

46

9
12

89

Am

12

40

46
48

us
ha
hm
Le

50

52
54

5

10

24
14

9

15

22

2

18

20

1

13
11

21

21

9

3

25

3

16

23

5

23

37

23

41
43

29

7

6

39a

2

25

we

25

40

22

4

3

43

5

sw
ing
erl
Sp

6

3

e

24

27

39
27a

er

8

24

7

33

29

b

1

eg

3

41

10
5

35

26

45

Dohnaer Platz

5

31
7
28

12

20

9
11

9

37

33

27

14

22

43

1

1

35
39

eg

5

8

23

7

11

25

10

41

21

27

lw

a
14

e
ss

7

12

14

16

18

6

d
78

19

19

19

29

Dro
g

isig
Ze

8

10

r Allee

16

36

17

18
20

1

3

eg
sw
ing
erl
Sp

M

eg
nw
eise

Alle

33

4

14

2

15

31

Ze

Pro
hlis

31

3
6

25

17

19

isig

17

eg

46

39

17

19

elw

1

g
22

4

17

2

ss

e
sw

rw

eg

g
we

38

29

13

4

16

21

Dro

g
rlin
2

52

39

23

18

Proh
lise

26

5

e
Sp

To

Prohlis
er Lan
dgrabe
n

10
28

16

26

1
28

12

24

22

18

8

12

2

27

4

14

20

12

25

6

11

2

20

13

30

15

32
13

27

3

42

11

eg
rw
me

25

g
we

isig

Ze
20

Wa

34

6

m
lda

15

23

1

eg

eg
nw
ke
Fin

elw
ss

44

8

Go

1

21

3

Dro

40

13

18

3

1

eg
rw
To

11

28

30

13
16

20

35

13

39

42

32

34

31

36

21

18

0

27

23

31a

50

98
a

48

eg

30

29

38

9

46

27

17

19

10

25

28b

r

52

11

8
16

19

31

Ange

28c
28e 28d

28f 28a

Am

54

Ruine

29

15

37

17
31

21

44

23

18

15

29

Teich Naturpark Prohlis

4

er
W

40.

44

43

121

La

ng

25

31

40

3

42

23

98

21

49
4

32

1
25

35

9a

11

47

4

39

28

19

3

27

5
17

9b
11

45

7

29

26

15

37

43

33

13

35

tz
la

67

-P
-W
olf

1

ert

37

24

39

11

olf
-P

41

22

la
tz

dgrabe

37

n

Alb

34

31

9

37a

Alb
ert
-W

172

Am Anger

er Lan

2

20

39

4

Prohlis
22

15

4
17

2
4

rA

6

18

lle
e

13

Teich Naturpark Prohlis

Pro

hli

8

se

11

9

30

7

5

10

29

20

41

26

27

12

3

24

25

2

6

22

eg

3

W

1

23

ng

er

14
21

4

5

La

28

6

19

7

30

17

1
17

8
50

9

28

2

45
10

lle

e

19

2

4

a

19

Pro

12

hli

12

se

11

26

rA

32

6

10

16

12

3

1

24

7

13
1
8

22

10

4

11

13

24

10

19
b

16

2

6

5

r-P
la
tz

22

in
te

15

18

14

18

8

3

1

b-W

20

5

3

43

Ja
co

7

17

18

2

26

12

2

20
2

9
14

55

9
54

4

16

2

11

7

23

6

r-Platz

4
18

6
8

10

20

8

56

10

17

22

10

7

8

Jacob-Winte

11

10

59

Prohlis

57

9

15

25

13

10

La

17

24

ng

19

er

12

12

6

W

2a

27

12

eg

22

15

13

14

21

18
4

hli

20

25

4

18

18

5

21

Pro

58

28

23

se

16

rA

lle

16

e

26

17

61

19

16

21

29

14

14

3

15

18

b

13

a

59

57

1

11

er Lan

6

6

dgraben

8

4

5

21

9

8

17

30

3

31

7a

24

22

c

67

26

29

28
30

2
26

13

25

33

5

28

60

33

12

67

tz

11

31

ben

te
r-P
la

a

7

in

32

24

1

67

31

Ja
co
b-W

15

29

12a

34

65

17

23

Prohliser Landgra

27

6

22

19

25

18

32

27

20

23

Tornaer Haldenbecken

35
34

9

33

30

2

36

20

32

37

4

39

35

18

22

34

24
43

8

54

52

46

44

42
40

38

nd

62

26

48

La
36

10

32

en

41

grab

69

28

39

41

6

er
hlis
Pro

37

30

12
32

34

43
16

14

36

34

36

W

eg

95

er
ng
42

44

37

42

16

51
53

99

89

68

35

97

91

La

49

40

38

n
40

be

18

47

93

44

55

rn
ke
Nic

e

ra
sg

38

19

0

16

Prohliser Allee

45

ug
bz
rA

39

101

87

57

40

14

a

103

83

105

42

46

85

48

43

se
hli

63

rL

65

44

Pro

61

73

41

59

46

dg

an
45

ra

69

48

n

be

67

107

81

77

79

71

zu

10

en

9
11

52

1

11
3

11

5
56

-N
ha

sc

40

42

7

80

11

37
68

48

50

52

54

56

58

60

62

64

66

u
Ka

40

42

rab

54

b
r-A
rne
icke

44

46

gsg

50

73

75

45
43

47

36

49

51

53

34

55

57

59

61

63

65

67

55

29
32

27

30

41

25
28

46

23

21
51

53

20

La
nd
grab

48

27

eg
W

22

er

25

La

58

20

23

36a

36

ng

6

41

8

9

49

Wa

3

7

47

24

1

2

Pro
hlis

7

43

8

9

45

10

Wa

18

39

21

14

12

26

5

42

40

38

44

5

45

12

14

er

10

15

16

28

11

3

50

18

17

Wa

13

8

en

47

49

45a

22

43a

16
14

19

12

14

10

17

11

37

48

13

34

11

56

51

16

32
16

39

15

13

18

32

55

33

6

8

4

30

2

15

60

9

35

1

13

58

8

Tann
enwe
g

10

7

53

12

2

5

11

6

8

9

4

37

50

29

5

13

24

35

3

26

14

27

31

11

29

2

10

24

12

25

18

9

25

eg
W
er
ng

7

23

23
21

5

La

10

6

8

19

21

11
12

9

28

8
14

6

14

4

23

4
2

17
15

3

13

1

11

12

20

1

9

17

2

2

29

18

20

1
16

18

3

7

16

31

5

16
3

36

14

33

8

21
4

12

13

38

12

eg

15

3
2

W

9

7

er

5

2a

1

64

ng

11

23

11

4

68

La

62

Weg

5

3

40

70

14

78

72

66

5

29

81

er
Lang

a
10

4

6

79

80

74

9

76

7

78

6a

3b

6

2b

77

80

82

6b

16

35

8

8

6

10

60

3
12

58

8

1a
4

7
5

2

44

h

6

rW

37

ch
11

8
88a
11
15b

89

1

4

44d

91b

89a

88b

20

1

15

eg

3

35

53

16

3

87

Ger
sdor
fe

44e

23

86
46

21

48

9

2

i

5

1

Geb

44

4

19

33

erba

4
6

50

8

13

18

6

1

8

52

9

10

11b

84

9b

83

54

5

17

31

3

56

9a

12

15

76b

216

75

8

6

10

82

5
10

10

7

76

7
14

1

3

73

4

9

71

34

9
10

32

4

4

2

18

69

2

3

18

19

11

7

16

6

5

67

30

10

12

5

20

70

16

13

26

27

15

8

22

65

74

21

20

21

63

68

6b

8

24

1

66

33

16

22

19

61

72

2

4

22

26

6

28

59

64

7

10

4

17

6

31

20

3

30

57

28

1

52

24
19

43

54

26

en

bzugsgrab
Kauscha-Nickerner-A

Nickerner Abzugsgraben

1.2

44c

88

26

13

30
34

2

14

15c

91a

90

44

b

12

36
38
0.5

17

90a

92

91

22

40

44
a

44

42

32

28

