16

12

18

76
f
8b

22

19

8

29

8c

76

21

Anlage 5

g

a

18

25

2

6
14

13
Ruine

1
10

4

16

10

9

12

23

20

11

29

20

3

LEGENDE

25

7

16

18

14

5

7

24

27

26

31

5

18

29

8

15

20

4

31
20

9

33
31

11

22

6

6
13

Grunderwerb (2)

28
a

3

8

24
15

17

15

33

4
28
b

13

10

33a

19

b

30

19

35

19

10a

1
f

28

28
c

12

11

1b

20

28
d

35

b

1

3

28
e

b
30

a

35

19
19

2

5

37
18

9

18

37

b
32

30

a
43

32

2

32

2a

c

Bodenordnung

41
b

7
16

41
a

39

32

39

4
2b

Neuordnung Wissensschaftsstandort Dresden-Ost:

d

34

32

b
43

43

14
19

32

7

c
43

e

34

41

36

39

41

2

36
b

43

12

5

d

2b

36

41

43

und Aufenthaltsbereichen

43

a

c

12

1
40

1

26

e

36

4

43

38

22

3

21

10

45

3
f
43

38

45

24

23

6
3

8

47

42

47

18

2

14
71

4

d

38

16

44

1

b

38

73

2

46

75

40

ub
Le

42

c

12

7

5

48

28

38

h

29

ac
zb

nit

4.2.4.1

a

31

38

4.2.1.2

51
49

50

77

53

51

52

2a

2b

33

1

79

Ru

do

1a

81

a

de

44

r-R

56

3

2d

Bauma nahmen (4)
an

3

4.2.1.1

54

ach
bnitzb

Leu

lf-B

erg

51

12

4.2.3.1

53

ing

10

7b

3a

Ri
ng

7
5b

4d

Di
x-

5a

30

Ot
to-

5
3b

6
3a

1

4.1.1
7

60

a

44

96

3

1

7

10
10

5

4

99

5a

97

48

58

7a

4

93

95

98
10
2

7a

3

6a

10
0
4

10

9
8

1b

derzeit nicht relevant

6

57

3.1.1

6

10

1

1a

4.2.3.2

8a

9a

8

59

34

3.2.2
10
12

1
15

10

xOt

61

34

3.2.3

eg

33

2

25

10

36

10

8

35

23

38

18

11

ach
nitzb

3

4.1.1

r-W

72

6
37

nd

19

ga
er
-B

11

Ru
d

59

olf

13

57

6

2
4
4a

90

4

88

86

4

44

60

2

84

2

2

4

78

2

78
b

78

76

74

72

6

8

4

2

34

8

6

10

7

68

66

64

10

12

3

9

69
71

12

b

8

8

87

82

70

6

80

7

4

5

5

5

4

1

65
67

14

32

80

6

2

82

4

87

3

3

83

84

85

63

25
a

8

6

6

25

3

82

1

1

1

61

13

12

23

59

24
20

27

38
2
12

16

14

20

6

b

29

11

18

17
48

84

f
87

22

3

8

24

21

24

22

50

5

77

26

7

23

23

18

10

21

79

33

26

28

12

25

80

82

66

28

20

9

70

25

2

66a

19
88

30

32

30

56

32

22

34

8

24

31

89

31

92

3

36

33
26

34

18

33

36

2

5

3

4

6

20
58

24

29

38a

23

21

90

22

2a 2

29

78a

4

11

27

27

76a

1

58

60

62

64

76

78

17

1

38

29
c

31

16

19

15

3.2.6

5

26

28

22

20

29

1

e
87

4

30

18

15

17

19

13

95

3.2.8

36

10

14

14

d

9

15

12

87

13

11

11

37

3.2.6

c

7

8

75

13

16

11

9

9

31
18

a

67

87

73

11

10

6

90

14a

36

9

3.3.7

7

7

3.2.1

5

29
16

4
38

94

7

3
8

38

16

9

74

40

37

6

91

35

35

78b

6

40

10

1

96

44

3

2

43
15
17

46

98

5

48

7
0
10

21

47

46

19

9

3a
10

50

4

6

8

10

49
a

8

1

6
10
18

3

0
11

4
11

4

2

24
18

60

4

16

8
58

66

10

68

6

20

22

54

62
64

68
70

1

1

66

56

6

33

72

1b

45

26

12

70

20

5

74

24

3
62

105

53

72

6

111

51
10

28

22

6

24

5

28

78

30

30

26
28

80

32

7
9

2a
75

14

11

19

32

1
73

30
34

70

10
12

16

18
20

21

10

36

12
38

24

34

13

72

34

16
17

2

42
23

30

34

4
28

74

5

40
19

21

g

16
14

39

45

47

49

16

51

a

4

24

6

10

da
m

48
50

12

54

7

22

24

37

26

28
30

13

32

3.2.3

ol

5
2

20

22

35

50

34

3

54

14

52

24

1

36

Wa

6

27

2

8

8

10

10

12

14
16

12

18

25

22
24
26

6

2

15

31

5
3

1
1a
14
16

2
4

23

20

23
33

7

50
52

21

28

56

58

8

48

19
17

29

9

46

15

4

13

2

42

44
25
23

21

4

9

l

efe

eg

lw

eg

w
er

21a

6

56

16

21

144

58

148

21c

13

11

1

3

40

6

14
19

54

10

17

21g

6

27

Z

mm

15

25

21f

1

23

g

we

r
To

8

lda
Go

3

eg
igw
s
i
e

21

21h

19

60

5

10

17

1

se

8
10

6
66

15

40

7

13

42

11

38

12

9

3

g

18

os

44
40

Sti

7

nen

69

9
5

Dr

lde

10

3

we

Go

67

29

1

65a

27

1

en

Am

65

21

64

7

19
17

6
11

4

38

6

52

22

5

1

nk

15

3

30

11

Fi

13

1

g

11

9

13

tto-We

28

eg
elw
ht

7

ac

Hans-O

26

W

6

2

13

G

3a
33

33

2

3

8

46

53

18

31

11

12
11

1

56

3.2.11

29

15

20

1

27

2

a

11

we

43

44

11

39

40

12

37

22
2

46

41

37

h

35

14

16
18

58

25

Le

33

12

60

31a

31

54

Am

7
8
10

m
er

20

27

48
50
52

35

23

us
31

33

eg

a
mh
42

46

29

10
29

Ott
o-W

44

25

31

9

ns-

23

38

27

Ha

36

29

7

3.2.10

20

6
8

18

36

38

21

17

44

76

15

27

32

19

6

14

40

26

18

8

32
26

17

68

14

4

74

64

15

8

71

d-W

12

2

66

24

eg

13

4

6
69

ein
hol

118
65

2

11

76

9

63

4

113

61

5

15

3

o-R

109

2

3

81

1

Ott

107

59

13

79

7

6

8

7

57

9

77

5
8

55

75

3

Besselplatz

7

3

21

7

113a

103
49

76

47

22

11

39

73

75

1

25a

13

48

43

37

71

73

20

22

19

4

10

16

25

17

4

41

69

71

43

5

15

25

23

46

39

40

1

2

4

52

60

64

23

37

te

29

12

22

1

15

4

14a

46

11

58

21

35

10

27

35

i
nle
ge

33

25

65

22

1

99

14

67

69

41

2

21

11

13

9

11

50

31

62

19
10

or

23

63

67

17

3.2.9

4

34

08

2

56

48

58

60

29

17

6

M

61

8

1

10

36

a

29

21

59

63

65

15
28

15

54

27
13

13a

16

50

52

54
56

25

11

27

19

2

6

14

99

18

3

32

20

25

17

55
57

61

20

9

15

55

59

1

26

7

16

5

14

3
53

18

20
22
24

4

3.2.3

6

23

53

57

5

41.3

5

1

21

51

16

18

20

18

10

8

51

13

3

19

b

12

14

42

3

1

17

49

49

40

44

10

16

52

47

37

15

14

45

4
6

38

11

10

2
10

13

2
23

48

11

49

32
36

46

8

97

4

5

e
yd

95

45

34

1

12

b

42

+8
1.3

13

43

14

10

9

He

30

1

41

ic
nre

93

eg
hw

96

41

7

44

39

42

12

39

99

5

10

28

11

37

8

3.2.1

langfristig (ab 2021)

9

7
5

3

3
1

52

54
56

8

58

9

24

26

7

83

57

9

11

10

78
a

40

6

22

11
50

5

8

28

10

62

42

55

5

27

29a

34

78

30

12

80

38

b

53

7

4

34

21

5

51

-Ring

3

33

49

35

44

32
36

3

55

81b

ach
nitzb

Leub

3

38

21

1

53

28b

28
92

2

28a

c

76
30

12

10

8

4

6

51

31

47

65

63

mittelfristig (2018 - 2020)

b

76
26

32

a

76

96
94

14

49

79

81

2

25

21

3.2.5

Gebietsumgriff Soziale Stadt
Dresden - Am Koitschgraben

27

29

3.2.3

32

19

kurzfristig (2016 / 2017)

25

23

76

23

30

33
67

61

21

79

98

47

3.2.5

Otto-Dix

17

15

2.1.1

19

Otto-Dix-Ring

77

21

28

23a

36

15

13

48

45

75e

75f

19

23

31

40

76

43

75d

75h

75a

17c

17d

17a

17b

17

19a

34

17

15

46

15

19

4.2.5.1

19

24

20

44

41

en

75b

grab

0

10

el
Mitt

75c

26

75g

75

15a

21

21a

3

1

22
a

2

42

13

15

17

17a

9
7
5

geplanter Realisierungszeitraum

er

21

40

13a

13

39

3a

18

lle

4

70

M
oe

10

16

to
-

z-L
He
in

68

30
32

20

10
6

9

73b

Leub

11

22

Di

oh

18

73

9

3.2.3

31

4.2.2.2

3.1.1
d-

5

1

24

Ri

ma
r-

28

66

4

73d

73c

0.2

11a

11

29

m
un

20

26

2

73e

21

71

7
27

- Beteiligung/Stadtteilleben/Integration

Ed

22

12

19

73f

69d

5

9

25

4.2.2.1

ng

24

W
eg

22

17

69g

69c

69

Wa
Wa

24

18
20

22

38

71a

3

5

7

23

7

weiterhin werden zahlreiche nicht-investive Projekte

43

15

10

69i

69f

69b

5

16

36

69e

13

67

3

5a

r-W
eg

28

16
8

11

69h

oh
ma

1

2

weitere nicht investive Projekte (7)

60

65

inz
-L

b

14

He

6

22

2

8
63

9

1

Einsatz eines Quartiersmanagements/
Stadtteilmarketings

5

14

4.1.2

3.2.4

3

61
4

1a

46

2

12
1b

-R
ing

11

10

1a

Ru
do
lfBe
rg
an
de
r-R
ing

10
0

11

2

