2

1

2

23

4

4
10

6

10
8

1
3

6
10

45

11

27

11

0

18
20

13

25

15

29
17

27

17

1b

17

29

21

LEGENDE

99
a

2
11

19

24

b

15

47

19

6
15i

21

c

4
11

2

23

20

Anlage 5

8
10

25

9

18

La

23

2

er

3

16

5
7

16

21

15
22

4

nd

lis

8

19

16

18

15

oh
Pr

14

20

en

ab
gr

9

7

17

10
12

2

6
8

38

8

15

14

10

13

36

15

10

1

33

4

6
11

6

4

6

99

e

15

g
15

22
16

37

39

2

27

24

10

15f

1
10
1b

12

29

18

41

5

8

49

35

1a

25

10

a

15

d

15
8

23

14

15h

4

43

45

3
26

17

15

3

113b

111

51

16

113a

6

49

20

10

a
46

47

14

5

105

12

53

Grunderwerb (2)

18

8

55

7

57

109

9

7

11

10

9

28

20

107
59

22

22

53

11

61

21

28

24

3

13
113

118
12

63

13

14

15

30

13
2a

58

30

15

26

17

5
7

19

9

75

11

16

32

34

32

36

55

23

1

73

14

21

22

a

k

71

16

19

Altreic

69

18
20

53

65

2
4
6
8

10
12

25

24
26

60
62

2

64

4
8

17

19
21

27

23
29

66

39

22

8

25

24
20

5

18

16

31

68

g

29

we

1
70

27

4

25
23
21
19

8

20

74

6

da

72

16

9

7

29

5

11

G
ol

17

15
13
11

12

29d
12a

13
15

76

22
4

7

17

3

44

Wa

1

a

46

51
53

17

97

2

19

45
49

er

21
18

2

und Aufenthaltsbereichen

1

4

18

43

39

47

m
m

23

41

37

14a

95

50

10

10a
14

P_3.2.3

93

52

6

1a

1

15

5

54

8

6

13

3

22

24

10

33
35

12
11

91

16

18
20

48

25

3

10

11
a

14

14

40

10
12

24

44

6

en
ab
La
nd
gr

26

26

2

23

2

34

13
15
Pr
oh
lis
er

28

12

89

46

32

37

a

7

9

54

11

83

10
46
48
50
52

35

9

85

42

33

40

7

27

7

38

31

9

87

30

4

6

2

36
44

5

23
7

29

3

11

Ruine

4

28

36
38
40

1

27

30

57

34

5

3

32
34

17

29a
2

1
19

13

28

6

29b

24

3

19

24

5

99

30

9

5

40

7

11

58

3

42

15

29c
16

56

26

10

8

9

4

6

4

21

7

8

7
9

5
6

26

39

33
35

17

18

2

19

36

28

6

25

78

17

19

17

38

15

5

37

1

46

3

1

8

12

10

llee

2

17

21

17

40

13
2

4

16

39

18
16

4

15

23

3

14

liser
A

31

28

12
14

22
24

29

26

14

27

2

1

9

20

2

18

16

20

12

25
4

16

24

6

g
we

11

26

8

er

13

6

14

10

15

13

27

28

22

12

67

11

6

15

25

3

4

13

8

1

23

30

Proh

18

3

21

32

18

14

23

16

mm
lda
Go

19

1

2

6

10

12

5

10

17

Wa

4.2.3.1

20

10

15

3

44

20

31

11

13

36

34

42

20

28

11

1

18

40

22

65

12

9

14
38

Bauma nahmen (4)

78

d

19

21

5
3

41

5

23

23

1

6

40
6

24

27

a

8

24

14

30

28

16

35

42

e

27
23

49

44

4

1

32

21

98

Pr

25

oh

84

38

31

1

43

12

derzeit nicht relevant

3

18

17

30

29

42

a

9

.4
40

44

98

48

40

82

32

23

47

19

34
36
50

46

0

27

31a

23

10

28b

le

45

13
15

19

25

28d 28c

52

lis
er

11

21

31

31

9

37

17

31

28e

28f 28a

4.1.3
21

54

29

7

29

18

5

39

15

11

8

b

26

28
33

3

41

20

31

12

27

22

10

9

37

er
Ang

20

1

39

29

80

b

22

4

43

25

80

45

35

3.2.1

13

Al

43

29

7

39a
27a

Am

privatem Eigentum

5

11

Ruine

16

34

39
25

5

3

7

33

16

18

80

7

2

65

7

10

12

54

38

3

23
8

20
13
11

21
16

1

9

3

3.2.4

8

14

43

1

25

52

79

32

4.2.1.2

11

23

10

19

41

21

25

a

14

4

19

29

27

Me

1

36

3
22

2

30

31

eg

nw
ise

25

35

11
9a

47

4

39

28

19

3

27

5

45

86

7

29

26

tz

9b

31
43

33
35

13

f-P

34

la

15

37

37

24

11

39

ol

41

Al

4

20

39

2

15

37

be

22

3.2.9

1

rtW

37a

2
17

weitere nicht investive Projekte (7)

22

4

2

4

17

4.1.1

Einsatz eines Quartiersmanagements/
Stadtteilmarketings

67

11

17

Albert-Wolf-Platz

9

6

18

13

11

3.2.8

8

4.1.1

9

30

7

weiterhin werden zahlreiche nicht-investive Projekte
10

5

20

82

65

29

2.1.1

26

41

27

12

3

24

4.1.1

6
2

23

- Beteiligung/Stadtteilleben/Integration

4.2.1.1

3

22

25

4.2.4.1

1

14

4

5

21

28

6

19

7

30

17

1

17

8

3.2.5

50

9

28
2

45

10

19

32
11

12

4

26

4.1.4

12

a

19

16

3

1
6

18

14

1
8

16

10

2.1.1

kurzfristig (2016 / 2017)

3.2.5

mittelfristig (2018 - 2020)

3.2.1

langfristig (ab 2021)

63

a

4

13

18

24

7

17

la

2

12

20

10

tz

2

26

43

2

b

19

5

r-P

22

te

3

6

15

in

22

12

11

8

3

1

2

geplanter Realisierungszeitraum

13

5

3

W

18

10

24

7

co
b-

20

2

Ja

Tornaer Lehmgrubenteich

9

9

14

55

4

5

21

Tornaer Lehmgrubenteich

2

16

7

23

b

a

13

59

57

57

11

18

1

4

6

9

6

6

54

4

8

5

11

A

3.2.11
6

8

10

8

9
56

22

10

10

10

8
10

17
22

2a

6

14

24
26

16

16

ise
rA

18

28

20

4

Pr

32

27

7a

24

34

19

31

3

65

15

28

30

4.1.1

25

11

67

33

32

60

7

31

28

a

29

13

la

tz

12

67

31

r-P

33

5

6

18

te

2

41

1

24

c

in

26

67

23

29

17

27

W

26

4

18

25

4.1.1

22

5

oh
l

18

16

14

lle
e

14

30

18

61

25

20

21

17

23

23

co
b-

22

15

21

21

Ja

12

12

13

19

29

19

17

3.2.10

58

12

27

17

3

Tornaer Haldenbecken

12a

Gebietsumgriff
Soziale Stadt Dresden - Prohlis

11

3.1.1

15

8

59

20

7

15

25

13

Wa

34
36

20

32

37

35

39

18

34

4

4.1.1

2

33

30

35

9

3.2.7

22
41

24

6

43

62

3.2.2

26

54

52

48

46

44

4.1.2

42
40

38

36

39

8

37

32

28

69

10

41

30

12

32

34

43
16

14

19

36

34
16

0

3.2.6

36

45
38

18
38

47

95

40

40

49

35

97

68

91

51

42
37

53

44

16

42

71

99

89

93

44

55
39

101

87

40

14
83

105

42

46

103

W

a

41

85

La

45

46

65

ng

44

48

43

63

er

61
107

81

69

48

67

73

eg

57
59

73

75

77

79

71

50

10

9
11

1

52

3.1.2

54

3
11

35

40

7
11

80
42

37

40

42

56

5
11

A

44
46

48

50

52

54

56

58

60

62

64

66

68

45

43

49

51

53

55

57

59

61

63

65

67

3.2.3

36
34

55

74

47

76

29

a

32

27

30

41

25

76

28
46

23

26

Nickerner Abzugsgraben

21

43

24
19

51

53

49

47

45a

22
69

48

8

20
18

17
3

16

15
13

10

28

2

10
8

9

45

12

11

42

40

38

45

44

5

50

7
27

7

12

43

26

24

5
22

25
41

3
6

58

18

16

21

a

39

20

23

4.2.3.2

36

36

14

Wa

1

9

Wa

49

14

19

10

17

16

12

8

1

13
35

15
39

13

18

8

4

30

2

15

33

6

7

32

55

60

9

10

2

5

53

58

12

14
11

37

48

13

34

11

56

51

16

32

11

6
8

4

37
13

50

24
35

3

29

5

26

14

31

11

29

2

10

24

21

20

21

12

9

27

26

25

18
8

15

25

80
8

7

21

14

5

11

28

23
6

14

5

23

6

8

4
2

17
15
13

3

1

2

12

11

1

9

17

20

2

29

18

20

1
16

18

3

7

16

31

5
16

3

36

1

3

21
4

10

13

38

21
6

70

4

3
2

2
a

5

4

1

23

11

5

9
7

11

6

79

2a

64

10

6a

66

6

14

40

6

9

72

68

3b

6b

78

74

7

80

82

76

2b

77

78

14

12

35

8

8

80

2a
8

6

16

75

b

5

12

10
76

2b

14

8

33

4

7

73

76

7
14

15

71

34

9

10

32

4

2

18

69

2

4

3

18

19

11

7

16

6

5

30

4

67

21

10
19

70

20

12

9

23

12

65

72

10

13

22

16

9

63
74

6b

24

16

22

8

27

33

19

61

3

11

10

62
5

3
12

58

8

1a

9a
4

9

6
13

33

b

1

8

52

9

10

11

84

9b

83

54

7

31

3

56

15

29

60

11

81

4

5

1

35

6
7

50
44
i

4
5

3

5

37

11

53
16

87

44
h

3

86

2

46

21

18

19

48

8

13

5

2

17

82

13

4
10

12

9

6

23

15

44e

3

8
9

1

20

a

88
15
b

89

1

b
88

10a 10

4

44
d

91b

a
89

11

14
1.2

44

c

88

26

13

26

28

30
2

14

15
c

90

91a

34

44

22

24

18

20

16

32

b

12

36

9

38
40
22

0.5

91

44

a

42

44

92

17

a

90

11

1

13
15

19

17

19a
24

94

19

95a

43

1
a

96

a

2

3

94

21

97

95c

26

54

2a

21

3

b
95

6

6
6
24

1.3

4

56

b

28

7

28

4

a

4

2

98

5

56

5

2a

2

97b

97

47

10

10

8

4

8

2

10

101

11

99

51

58

7

4a

0

9

49

58a

a
56

56c

9a

66

4

22

26

1

64

7

2

6

28

59

68

1

10

4

17

6

31

20

9

30

57

28

3

54

8

47

52

75

43a

14

Wa

