- öffentlich Anlage 2

Übernachtungszahlen in Dresden im Dezember in den Jahren 2001 bis 2015
Monat

Dezember

Jahr

Ankünfte

2001
2002
2003
2004
2005
2006
2007
2008
2009
2010
2011
2012
2013
2014
2015

96.794
79.295
103.201
117.444
135.304
139.253
127.051
135.614
152.768
158.931
180.842
199.835
210.095
224.065
210.924

VgiVJ%

-4,5
-18,6
30,4
13,8
15,2
2,9
-8,8
6,7
12,6
4,0
13,8
10,5
5,1
6,6
-5,9

Übernachtungen

204.504
163.815
209.856
240.578
282.126
292.622
270.966
279.894
309.314
319.196
355.365
410.783
415.281
448.185
426.635

Vgl VJ%

-2,2
-20,1
28,3
14,6
17,3
3,7
-7,4
3,3
10,5
3,3
11,3
15,6
1,1
7,9
-4,8

Tage

2,1
2,1
2,0
2,0
2,1
2,1
2,1
2,1
2,0
2,0
2,0
2,1
2,0
2,0
2,0

Quelle: Dresden Marketing GmbH

