119

4

2

470

1

1

Emil-Ueberall-Straße
1

127.07

126.70

126.93
126.92

126.68

126.63

126.5
9

12 6. 71

126.66

12 6. 71

126.58

126.68

126.63

Projektnr.

128.05

126.98

126.97

126.40

Kesselsdorfer Straße
Kesselsdorfer
Straße

126.99

15059

126.92

126.86

128.75

126.89

126.82

127.09

127.34

127.05

127.17

126.79

12 7. 11

127.18
127.22

128.73

127.19

127.25

127.34

126.94

12 7. 01

127.19

127.34

128.77

127.36

12 7. 01

126.98

127.15

127.43

Anlage 2

6

4

1:500

Aufgestellt:
Dresden, ...

2

126.88

127.07

126.92

126.97

127.36

Reisewitzer Straße

157

126.84

127.08

16

127.66

127.18

126.96

126.78

127.14
12 7. 31

127.68

127.16

126.93

127.38

156c

1

Maßstab
160

127.24

126.93

Lageplan

zwischen Tharandter Straße
zwischen
Tharandter Straße
und
Rudolf-Renner-Straße
und Rudolf-Renner-Straße
2. BA: Reisewitzer
Straße - Rudolf-Renner-Straße

12 7. 01

126.89

126.87

240

241

Städtisches Vermessungsamt
Februar 2011

13
126.77

12 6. 81

126.76

126.99

126.83

126.98

126.75

126.79

127.22

127.08

127.09

126.87

127.02

127.22

127.35

127.24

127.62
127.79

12 7. 31

127.58

127.75

12 6. 91

3
127.80

127.70

127.60

126.97

126.89

127.50

127.76

127.67

127.54

127.48

2

129.85

5

127.35

129.53

127.35

127.95

127.27

4

126.66

1

127.26

127.16

127.25

127.24

127.04

127.10

127.32

12 7. 41

127.59
127.58
127.65

127.53

127.68

127.43

129.92

127.74
127.74

157f

156

127.55

127.60
128.06

129.57

gemessen:

Lagesystem: RD 83
Höhensystem: NHN

12 6. 81

Vorplanung

158

127.15

128.46
128
2 .46

127.43

127.37
127.35

127.37

127.38

127.53

127.65

127.49

127.34

2

1

Bünaustraße

127.78

127.75

128.16

129.29

129.28

2

128.17

127.56

128.17

127.62

150e

Vermessung

126.93

126.78

127.48

Poststraße

129.92
128.55
128
2 .55

127.10

127.42
127
2 .42

150k
150

128.06

4

126.77
126.82

127.34

126.74

127.54

156

127.76

127.78

Gestaltung der Vorfläche ist
Bestandteil der Entwurfsplanung

241a

126.65

127.29

127.08

129.93

129.47

129.35

150g
129.86

13 0. 01

127.60

130.06

144
130.04

6

129.89

5

127.63

130.13

130.02

130.13

130.10

130.18

126.90

12 9. 51

128.45

128.78

128.74

129.35

129.80

129.90

130.33

130.37

LH=130.05

127.15
127.76
128.94

128.65

129.83

128.95

130.59

132.58

13 1. 01

132.12

130.39
130.53

132.45

131.20
131.28

131.57

1

130.18

130.16
130.26

0+50.00

130.22

13 0. 51

29.72
LH=1

130.20

130.34

126.78

129.96

130.35

131.59

130.43

130.45

126.90

130.35

126.79

130.32

130.35

131.57

126.78

130.63

130.16

127.04

130.84

130.32

126.87

130.64

157

12 7. 51

12 7. 51

130.36

158p

158

127.47

127.99

128.54

129.66

13 0. 41

12 6.51

130.52
130.55

130.57
131.10

127.92

128.20

12 8.51

128.39

Neuer Annenfriedhof

130.07

130.60

126.52

13 1. 01

12 9. 61
131.22

130.33

126.65

131.02
131.12

13 2. 61
LH=135.54

132.52

132.57

12 6. 61

132.57

126.63

130.17

132.56

128.80

128.92

128.93

1 29 .3 1

130.12

130.38

126.70

13 0. 61

130.64

131.03

131.57

35

131.95

33

131.02

126.68

13 1. 11
LH=133.43
130.98

12 6.61

131.64

131.22

131.37

128.20

128.25

128.84
128
2 .84

127.55

Unterlage Nr.
Blatt Nr.

12 6. 71

128.90

128.99

126.80

127.24

127.58

157
6

127.44

12 9. 21

129.15

126.80

131.65

127
2 .54
127.54

LH=130.50
127.76

2

13 1. 31

131.60

21

127.99

128.10

12 8. 81

131.56

131.84

128.17

128.56

150f
127.59
127
2 .59

127.66

23

12 8. 81

128.68
128
2 .68
128.59
12 8. 81

129.38
129
2 .38

150d

127.82

Dresden, 22.02.2017

Landeshauptstadt Dresden
Geschäftsbereich
Stadtentwicklung
Stadtplanungsamt
Telefon (0351) 4880

160f

127.26

 7,50

127.64

127.75

127.88

128.45
128
2 .45

128.52

128.59

128.76

29
29 a

129.14
129.39

129.55

130.13

126.42

30.61
LH=1

127.05
127.09

127.55

127.83

128.24

128.28

128.54

128.75

128.96

129.37

129.67

129.80

130.15

12 8. 51

12 8. 31

128.60

128.70

128.96

128.98

129.46

130.02
130.65

130.67

130.97

127.22
127.25

Schuppen

13 0. 61

130.83

128.23
128
2 .23

128.27
128
2 .27

Weiße

126.42

127.59

476
9

12 7. 81

12 8. 11
128.13

128.55
128
2 .55

129.23

129.29
12 9. 51
129.57

129.84

130.30
130.58
130.93
131.03

127.62

127.63

127.94

128.19

128.40

129.39
129.68

130.92

127.59
127.63

128.18

127.70

128.20

128.89

129.08

129.14
129.85

129.86

131.12

12 6. 51

127.53

127.66

127.68

128.09
128
2 .09

Weiße

22.02.17

126.53

6

127.18

127.29

477
127
12
2 .47
127.47

Kesselsdorfer Str. 88 01159 Dresden
Telefon +49 (351) 429 070 Telefax +49 (351) 429 073 3
E-Mail: buero@ibk-dresden.net Internet: www.ibk-dresden.net

126.62

126.62

126.5

127.08
127.06

127.24

127.52

127.46

127.74

127.86

12 8. 01

12 6. 71

126.69

126.93

127.07

127.37

127.44
127
2 .44

22.02.17

gezeichnet

12 6. 91
126.96

127.64

127.78

127.94

126.75

126.78

126.79
126.87

126.96

127.28

127
27.442
127.42

127.45

FGU

127.50

127.59

127.76
127.89

128.04

128.67
128.93

129.79
130.12

130.44
130.82

Kesselsdorfer Straße
131.46

131.78

127.79

127.80

127.93
127.93

127.77

128.23

128.37
128
2 .37

128.95

129.25
129.58

130.49
LH=136.17

131.18

LH=137.10
131.82

131.72

127.95

128.03

128.07

128.99

129.83

130.50

130.83

131.18

131.82

12 6.91

129.82

130.16
130.48

130.86
131.18

131.50

128.03

LH=133.69

12 8. 21

128.64

128.75

12 8. 81

127.27

128.00

128.49

129.29

12 7. 41

Name

Zeichen

bearbeitet

geprüft

IBK Dresden GmbH

12 6. 51

126.83

12 6. 91

126.94

127.27

2

12 6. 81

126.87
126.93

126.99

126.90
127.09

127.20

127.20

127.28

127.1

126.66

126.78

126.95

127.04

127.05

126.99

157g

12 7. 51
127.38

127.00

127.05

127.05

127.12

127.07
126.95

127.16
127.24

127.17

0,80
1,30

127.55

128.14
128.25

Kesselsdorfer Straße

128.84

LH=134.64

129.56

128.23

128.49
128.75

128.84
129.02

128.30

LH=134.34

128.83

129.27
129.27

129.47

130.94
131.12
131.44

131.65

131.80

128.00

128.26

128.35
128.64

12 9. 31

129.52
129.79

131.73

128.43

128.64

128.83

128.99

129.22
129.39

129.76

130.04

127.59
127.63
127.67

12 7. 81
127.86

127.08
12 7. 11
127.15

127.17
12 7. 21

127.28

127.27

127.22

Datum

Datum

126.60

LH=132.15
126.73

126.79

126.82

126.84

126.92
126.99

127.05
127.13
127.17
127.17

127.19

127.20

127.22
127.24

127.28

LH=136.22

127.30
127.36

127.64

127.68
127.74

127.93

126.79

130.09
130
3 09

130.82

130.72

130.64

130.55

130.49

131.13

131.48

131.89

13 1. 81

131.73

131.65

131.43

131.37

13 1. 21

131.04

130.97

130.88

132.19

132.09
131.87

131.82

129.37

129.56

1129.88
29.

130.13

12 7. 81

127.99

128.05

126.64

13 0. 01

130.27

127.33
127.35
127.34

127.38

127.45

127.57

126.69

126.80

126.83

127.10

127.15

127.20
127.27
127.29

127.36

127.42

127.43

127.44
12 7. 51

12 7. 51
127.56

127.17

Kesselsdorfer Straße

127.22

127.28

127.36

127.36
127.38

127.43
127.55

127.57

126.68

129.46

130.58

128.10

127.33

Kesselsdorfer Straße
127.37

12 7. 51

127.57
127.57

128.19

128.25

1,30
0,80

127.20

127.28
127.38
12 7. 51

127.37

127.49

Art der Änderung

126.58
126.66

126.53

126.90
126.95

Kesselsdorfer Straße

127.00
127.02

127.06
127.08
127.10

6
27. 4
1127.46

12 7. 61

127.45

127.67

Nr.

126.82

126.76
LH=129.67

126.66

126.69

126.76

126.78

126.79
126.87

127.39

127.53
127
2 .53

127.70

127.67

127.58

127.58
12 7. 71

126.76

126.77

127.13

126.95

127
2 .44
127.44
42
127.42

127.37

127.82
127.96

127.70
127.72

127.80
127.85

126.86

126.86

126.68

127.06
126.74

127.28

12 8. 11

127.84

FGU

127.25

127.32

 2,50

127
2 .45
127.45

127
2 .45
127.45

126.93

126.95

127.03
127.06

127.10
127.16

127.38

1127.48
27.448
127.42

127.37

LH=130.68

127.72

127.79

129.93

12 7. 91

127.85

126.95
127.13

127.29

12 7. 31
127.19

12 7. 91

128.10

128.08

1

126.64

130.60

130.42
129.84

131.76

40

ße

24 c

127.55

130.79

130.52

130.78

LH=133.83

LH=130.06
LH=130.08

127.19

127.10

127.58
127.62

127.63

127.60

36

38

127.72

r
r tra
ers

32

. 50
127.50
127

128.02
128.00

128.15

112
128.14

12 8. 31

128.48

13 0. 11
130.73

127.95

42
128.03

128.38

128.14

128.20
128.22

128.37

128.77

130.79

128.68

130.87

130.86

130.32

131.00

131.23

131.55

127.55

55

128.86

128.66

128.68

128.70

128.66

128.66

131.25

131.22

130.03
130
3 .03

13 2. 21
131.74

131.75
131.34

13 1. 11

131.70

125.75

127.17

128.92

128.65

56
131.43

130.65
131.99

132.27

131.63

131.85

127.43
127.43

128.84

129.68

12 8. 71

128.54

128.08
128.05

44
128.02

129.48

129.87

132.16
131.73

58
LH=135.13
132.23

13 1. 91
132.36

132.10

128.10
128.14

128.39

128.58
128.46

128.65

128.52

12 9. 71

127.16

127.28

128.97

128.64

128.57

128.10

128.08

128.22

46

129.99

127.27

128.74

128.59

128.54

128.53

129.69

129.59

129.68

128.67

130.67

130.89
131.18
131.86

132.29

132.36
131.98

Wern

127.77

128.57

128.60

128.95
128.99

12 8.81

129.68

LH=133.91

130.43

127.24

128.78

128.80

128.54

12 8. 51

128.54

2 .52
128
128.52

13 0. 31
130.45

130.25

132.43

130.19
130.34

131.04

131.84

128.33

127.07

53

128.98

129.03

128.49

129.42

129.66

128.48

128.92

129.02

129.59

52

131.15

131.85

127.04

12 8. 41

28.39
1128.39

128.46
128.66

127.98

50

41

127.23

127.18

28

127.32

12 7.
127.32

46

127.25
127.27

127.27

12 7. 31

30

128.74

129.63
129.78

12 7. 21

24 b

127.29

127.37
127.24

128.93

129.66
129.82

127.28
12 7.21

127.20

127.25

106
2

127.26

127.28

127.28

127.19

127.12

127.22

127.10

127.38

1
127.76

130.47

127.05

127.17

128.80

Markierung

24a

127.09

127.78

115
110a

128.83

127.86

130.40

140d

127.23
21
12 7.
127.42

128.92

12 7. 81

13 0. 51

140

127.08

12 9.01

128.73

LSA-Mast

135c

140c

127.23

127.08

128.17

130.73

141

127.24

127.05

127.10

LSA-Mast
mit Ausleger

126.73

127.06

127.03

126.96

127.03

128.08

13 1. 11

Grenze zu Projekt
Stadtbahn 2020 Teilabschnitt 1.1
Zentralhaltestelle Kesselsdorfer Straße

127.04

126.29
126.96

01

127.02

126.83

126.85

126.82
127.06

12 7.

126.98

105
1

12 6.51

126.97

126.74

126.58

aße
rstr

127.04

126.99

127.19

1

127.06

128.54

128.68

128.83

129.02

126.98

127.17

Baumfällung

Verkehrstechnik
Grünflächen

126.85

126.92
126.90

r ne
We

127.68

52

129.14

2

126.67

127.14

Baum Bestand
Park- / Aufstellflächen
Entwässerungsrinnen

2

126.97

126.55

126.88

Baum neu
Aufmerksamkeitsfelder

126.67

126.82

126.74

126.90

Bepflanzung
Haltestellenbereich

126.76

494

126.74

126.96

44

127.16

141a

129.72

108

1

140e

126.84

Gehweg

126.63

126.84
126.84

127.12

108

126.78

4
139

12 6.91

126.79

12 7.11

128.98

129.05

111

129.03

126.87

127.09
127.05

110c
129.02

137

7,74
7,50

140b

Gleisstationierung/
Gleisachselemente
R=200 L=80

Radweg

126.62

1

5

Gehweg

3,50

angehobene
Radfahrbahn

7,00

126.80

126.76

128.34

3,32

Haltestelle

1,30
1,20 0,80
1,40 1,00

4,60

126.73
127.24

5

1,20

126.68

126.78

126.86

127.14

141

126.74

126.79
126.74

127.13

12 8.41

128.42

3,32

Gleisbereich/Fahrbahn

1,00 0,80
1,40
1,30

angehobene
Radfahrbahn

127.12

1

3,00

12 7.01

Gehweg

30

1,85

137

126.98

Haltestelle
3,33

126.80

42

Gleistrassierung
Fahrbahn

4,68

3

126.84

127.12

3,25

Gehweg

2,00

12 6.71

126.67

127.05

126.97

Fahrspur Radstreifen

5

126.90

1,82

127.16

3,00

2,52
2,501

126.60

3

5

50

12 6.71

Gehweg

126.66

127.08

1,82

1,50

126.70

126.72

126.80

126.66

Gleisbereich / Fahrspuren

Befestigung

Schutz- Park-/Baumstreifen
streifen

5

5

126.74

126.95

126.59

3,25

1,82
3,32

127.09

126.77

126.89

126.96

r Straße
Gohlise

126.67

1,85

3,00
5

140a

126.90

126.86

126.66

127.00

Radstreifen Fahrspur
30

128.88

12 8.51

128.89
129.04

128.40

12 8.41

105a

3

127.35

Straße

108e

116k

5

40

126.94

126.74

116
3,62

128.56

1

114a
Gehweg

128.43

106

1

6

Gleisbereich/
Fahrspuren
1,82

126.86

12 6.81

127.07

127.04

127.04

2

126.88

126.94

erRudolf-Renn

108g

126.89
127.02

113

1,50

3,32

126.97

141b
110d
Haltestellen "Neuer Annenfriedhof" sind der Vorplanung
"Rudolf-Renner-Straße zwischen Kesselsdorfer Straße
und Bramschstraße" entnommen

50

2,00

ße
tzer Stra
Reisewi

126.28

126.63

111b
111a

137
Park-/Baum- Schutzstreifen
streifen

0+360.000

126.87

126.72
126.59

126.42

4,75

118

12 6.31

113d

Gehweg

126.87

126.44

126.34

126.38

126.33

114

108f

Zeichenerklärung

135a
139a

118
116a

1
15059_L2_Ind08\U_LP_Vorlage.PLT\U_LP_Vorlage

01.03.17

