Anlage 3 – Prognosezahlen nach Wahlgebiet 2014 und 2019 – öffentlich
Prognose zur Jahresmitte

KWK14
1
2
3
4
5
6
7
8
9
10
11
12
i ns gesamt
Mittelwert
Abw. Min.
Abw. Max.
Spannweite

2019
58 400
46 800
50 100
35 700
38 900
45 700
42 900
39 300
43 900
53 300
48 200
56 300
559 500
46 625

Abw. vom
Mittelwert,
%
25,3
0,4
7,5
-23,4
-16,6
-2,0
-8,0
-15,7
-5,8
14,3
3,4
20,8
0,0
-23,4
25,3
48,7

2020
59 200
47 200
50 900
35 800
39 100
45 900
42 800
39 300
43 900
53 400
48 400
56 400
562 300
46 858

Abw. vom
Mittelwert,
%
26,3
0,7
8,6
-23,6
-16,6
-2,0
-8,7
-16,1
-6,3
14,0
3,3
20,4
0,0
-23,6
26,3
49,9

2025
64 500
50 100
54 200
35 600
39 200
45 700
42 600
38 800
44 700
53 700
48 600
56 700
574 500
47 867

Abw. vom
Mittelwert,
%
34,7
4,7
13,2
-25,6
-18,1
-4,5
-11,0
-18,9
-6,6
12,2
1,5
18,5
0,0
25,6
34,7
60,4

2030
65 900
52 200
55 800
36 100
39 800
45 700
42 600
38 600
45 300
53 900
49 400
57 300
582 600
48 550

Abw. vom
Mittelwert,
%
35,7
7,5
14,9
-25,6
-18,0
-5,9
-12,3
-20,5
-6,7
11,0
1,818,0
0,0
-25,6
35,7
61,4

Prognose zur Jahresmitte

KWK19
1
2
3
4
5
6
7
8
9
10
11
12
i ns gesamt
Mittelwert
Abw. Min.
Abw. Max.
Spannweite

2019
50 900
46 800
44 300
41 600
38 900
50 700
45 400
39 300
43 900
53 300
48 200
56 300
559 500
46 625

Abw. vom
Mittelwert,
%
9,2
0,4
-5,0
-10,8
-16,6
8,7
-2,6
-15,7
-5,8
14,3
3,4
20,8
0,0
-16,6
20,8
37,3

2020
51 600
47 200
45 000
41 600
39 100
51 000
45 400
39 300
43 900
53 400
48 400
56 400
562 300
46 858

Abw. vom
Mittelwert,
%
10,1
0,7
-4,0
-11,2
-16,6
8,8
-3,1
-16,1
-6,3
14,0
3,3
20,4

Prognosewerte gerundet Rundungsfehler möglich
Quelle: Einwohnermelderegister, Kommunale Statistikstelle

0,0
-16,6
20,4
36,9

2025
55 800
50 100
48 400
41 400
39 200
50 800
46 200
38 800
44 700
53 700
48 600
56 700
574 500
47 867

Abw. vom
Mittelwert,
%
16,6
4,7
1,1
-13,5
-18,1
6,1
-3,5
-18,9
-6,6
12,2
1,5
18,5
0,0
-18,9
18,5
37,4

2030
57 000
52 200
49 900
42 000
39 800
50 800
46 400
38 600
45 300
53 900
49 400
57 300
582 600
48 550

Abw. vom
Mittelwert,
%
17,4
7,5
2,8
-13,5
-18,0
4,6
-4,4
-20,5
-6,7
11,0
1,8
18,0
0,0
-20,5
18,0
38,5

