BÖNISCHPLATZ - Bürgerbeteiligung - Auswertung

Anlage 5

1 Sichere Fußwegequerung

8 regelmäßiger Markt

2 Mehr Bäume und Grün

9 autofreier Bereich

3 Fahrradwege

10 regelmäßige Feste

4 Fahrradständer

11 offener Bücherschrank

5 Mehr Sitzbänke

12 Trinkbrunnen / Wasserspiel

6 Außensitzplätze Gastronomie

13 mehr Mülleimer

7 Öffentliche Toiletten

14 ausreichend PKW-Stellplätze

S 112.11
22
20
24
21

112.12

ord

GP

H 112.17

112.20
45
112.96
112.96
112.16
46
68
50
67
112.21
51
112.16
112.17
112.12
52
112.16
53
H
25
H
112.13 6cm 54
112.13
55
112.98
112.99
56
W
112.18
112.14
111.95
66
65
27 112.08
57
63
H
6cm
W
26
112.19
58
112.11
1001
112.18
112.08
29
28
112.01
S 59 112.21 61
60
113.01
112.20
64

16

W
W

112.04
176
175
170 111.90
194
174
193112.07169
1
195
2
3
.
111.88
2
11
72
(K)
112.29
111.94
173
112.36
112.14
112.29
111.85
197
112.30
111.98
198
111.79
196
171
172
199
112.04
.29
2
160
111.95
1
179
200
1
9
)
158
(K
167 111.86
159
111.97
111.90
2.2
168
11
S
112.06
(K)
177
157
112.00
112.23
112.06
112.25
184
(T)11
178
112.07
2.26
62
112.13
166
203
3
112.08
164
201
S
165 112.06
202
163
652
183
156
23cm
112.14
73
111.93
112.30
112.29
112.41
677112.09
390
679
678
112.13
680
112.28
74
6cm
682
112.08
681
112.09
162 112.02
653
161155111.93
112.29
154
112.14
112.27
683
685
112.02
153
152
684
112.11
111.94
112.20
686
654
112.36
112.17
75
690 112.04
112.36
112.14
76
692
687
112.16
691
112.25
9
112.31
112.15
77 83
112.00
78
112.32
689
688
693
112.17
112.15
112.14
112.14
111.89
695
112.31
694
80
656
82
112.31
79
112.23
696
655
S 329
112.16
698
697
81
112.17
112.33
112.13
85
84
111.98
699
112.33
112.23
700
112.17
86
112.18
657
112.04
87
658
701
112.11
25%
112.18
22% 111.97 14%
112.31
112.16
702
392
112.22
111.99
19%
8
W
389
112.30
88 95
706
112.15
112.21
111.98
89
112.15
F-B
112.14
322
708
ord 321
707
112.15
112.07
112.14
112.22
112.04
112.31
320
112.14
325
323
324 Asph
91
660
112.32
90
659
93
703
a
709
94
112.17
112.17
8cm
112.19 lt
112.17
711
710
GP
112.20
112.00
92
112.15
112.17
318
319
112.17
328
112.17 317
326314
327
315
112.33
112.00
316
661
705
112.18
704
112.17
10
712
111.85
112.16
112.25 6cm 112.18
112.17
112.33
GP
112.17
112.21
112.26
307
112.46
305
312
306
er
713714
t
310
t
311
112.16
o
308
112.15
19%
112.23
h
c
662 L
313
330S
26
96
112.27
P
97
112.24
KP
150 4
112.32 GR
112.17
25%
112.16
39%
P
112.33
309112.19
112.17
112.21
K112.03
715
112.23
r
99
112.24
98
717
331
tte
1005
112.19
663
716
304
664
ho
303
665
c
333
S
112.30
302
6cm
112.31
112.24
38%
112.30
112.19
112.18
112.03
718
20cm
146 112.36
112.21
112.20
720112.11
21%
719
101
100
112.36
393
332
112.35
112.09
112.22
W
Einstiegs- und
25% 112.15 721
112.22
145
halt
112.23 334
112.18
r
112.23
102
144
666 S 722
Asp
Lüftungsbauwerk
tte
o
338
143
724 723
112.32
667
336 Sch
725
337
357
112.29
358
112.08
112.197
726112.20
668
112.18
112.18
112.27
112.15
6cm 112.20
112.21
112.29
112.56
112.31
356
727
112.19
112.23
112.24
103
112.33
729
112.21
112.23
M
112.07
669
112.33
104
728
109
108
670
388
B
112.19
112.17
112.24
112.26
335
362361
an 112.34
112.19
112.13
131
otter
339
106
112.19
292
107 149
112.19
112.20
112.18
KP
112.25
340 343
112.12
k
112.26
122 Sch
671
370
112.25
130
112.01
148
112.29
290
360
341
291
127
129
293
147
112.27
105
12%
730
110
112.21
672
112.26
6
128
112.24
K
344
112.09
345
11
115
731
25
F112.26
112.26
P
359
112.19
112.34
B
732
112.33
112.36
112.18
112.32
733
or
735
112.28
371
d 112.08
734
294
121
112.20
16%
112.21
673
112.17
674
372
112.27
112.26
126
125
342
123120
er
112.19
om 675
112.22
112.19
112.19
676
ott
Str757
112.26
119
24%
373
114
124 112.03
117
112.12
116
346Sch
112.25
286
111
287
112.07
118
112.33
112.17
288
113
112.13
112.15
112
17%
795
112.26
758
112.25
42%
6cm
112.21
796
112.25
112.35
279
15%
289112.09
112.18
797
798
800
112.08
112.27
799
112.19
285
24%
759
369
112.27
349
112.22
112.25
760
112.27
112.15
347
112.26
12
112.23
P
299 297
300
K
112.36
GP
8
02
801
761 L
112.07
298 296
KP
112.36
112.37
P
112.11
112.33
365
284 15%
762 GR
44%
r
112.22
112.35
112.05
295 112.17
374 Bank364 363 367 368
112.23
111.94
112.19
348
tte
763
745
112.06
764
112.20
112.09
6cm
ho
11%
112.20
111.99
112.65
c
283
111.76
112.26
112.34
746
765
111.98
737
112.16
736
S
S
766
354
M
394
350
301
151
275
112.14
278 282
116.20
366
739
112.15
281
111.89
738
744
743
112.20
274277276 112.02
867
111.81
112.32
112.19
32%
112.29
280
KP
Schotter
112.35
112.04
375
767 111.93
353
740
111.87
807
112.23
24
112.36
23
351
13
741
28%
809
111.98
111.83
747
112.19
112.17
742
112.53
112.26
808
112.21
748
272
M
d
halt
769
112.24
112.31
768
385
Asp
810
803F-Bor
112.26
749
273
KP
112.27
112.30
811
352
19%
378 112.32376
271
750 112.32
112.21
112.16
112.21
112.16
112.25
17%
111.91
r
379
812
814
112.29
384
tt e
804
270
40%
112.00
377
o
813 PL
112.37
112.18
112.02
112.21
ch
770
383
R
S
50%
806
112.26
805
G
815
112.29
111.91
6cm
214
213
112.37
22
263
112.21
382
817
266112.19
112.19
112.22
816
269
112.16
112.16
381
112.32
S
355
772
265
112.24
380
771
228
112.24
818
20cm
112.25
268267
112.24
112.30
112.16
819
112.24
226
112.18
112.21
822
KP
112.37
779
820
264
S 112.21
227
W
112.22112.37 773
112.20
225
821
112.20
112.17
112.20
423
S 112.36
21
651
648
112.22
649
112.14
774
112.04
217
777775
830
10%
778
644
865
262
261
258
112.23
112.36
112.19
776
S
650
216
112.15
112.15
112.20
112.28
112.19
112.15
14
112.18
864
112.14
112.05
422
26%
646
647
112.18
2573%
823
112.22
112.03
260259
115.69
425
215
218
112.05
H
112.04
112.23
40%
824
112.20
24% 426
642
112.03
427
780
256
S 112.21
15%
825
112.16
111.99
111.98751
219
220
112.19
halt
826
p
15%
s
20
A
112.21
112.07
424
752
753 111.95
645
781
r
S112.29782
KP
254
112.15
756
tte
755
112.20
112.26
111.85
112.11
224
221
ho
112.24
834
255253
Sc
754
833
827
430
111.84
112.26
386
d
112.29
KP
112.15
112.24
or
111.99
112.26
428
112.26
112.27
111.98 F-B
244
396
112.25
P
387
19
223
S 836
112.22
K
243
rten 245
828
112.26
112.21
835
rka
783
829
Fah397
42%
429
10%
112.21
111.98831
112.22
50%
431
112.27
249
837
112.18
112.21
112.18
112.18 16%
832 111.82
784
17%
M
576
248
231
112.17
398
246 250
112.17
112.17
15
PL
222
112.27
838
230
247
112.21
r
10cm
112.20
252
GR
251
399
112.15
tte
112.26
112.25
o
13%
112.05
577Sch
112.20
395
400
232
H
112.27
406
112.23
402
W
KP
KP
229
8%
112.33
614
407
KP
112.29 112.23
25cm
405
578
70%
401
112.05
580
112.18
PL
404403
112.16
25%
GR
581
6cm
112.06
33%
16
11%
18
6cm
236
112.19
112.21
112.20
112.26
112.08
233
234 432
112.21
411
235
579
112.26
112.20
112.21
S 242
408412112.15
112.19
582
410
112.15
433
434
112.19
ord
583
409
F-B
112.07
112.23
112.16
112.08
KP
237
17
112.06
112.25
584
238
239 112.18
112.11
435112.36
112.21 112.14
585
KP
421
112.31
417 112.31
438
439
414 586
418112.08
112.17
413
112.10
W 112.12
415
6cm
112.22
S 613
587
441
112.02
416
419
112.13
112.22 420
112.22
112.27
112.22
111.92
112.03
112.09
alt
436
590
112.26
ph
588
240
241
591
112.25
615
112.19
As
112.15
112.39
52%
592
589
112.24
6cm 437
12%
593
594
KP

ton

Be

0
.3
12
)1 2.30

1
)1

(K

FBo

h
Asp

alt

8

2
2.

1
)1

rd

(K

17

12

)1

(T

20
21

(K

20
22

112.30
112.15

ord

Arbeitsstand 02.11.2017
M 1:300

20
10

111.99
111.88

111.79

F-B

Bönischplatz - Umfrageauswertung

nd
Bu

F-B

PL

186
185

GP

GR

11
(K)

6

.3

17

2
.3
12

)1
(K

1
.3
12

)1
(K

12

)1

(T

3

.3

Wie

12

6

.2

12

6

.2

12

12

.3

5

7

112.21
941 942

636
634
635

950
949GP

alt

ph
As

ck
Stü

nk

112.23
440

wichtig

25cm

PL
GR

S 866

e
u
a
h
n
e
t
598
112.19

W
112.11

112.14
111.92

466

112.14
112.00

aße

r
t
s
r

iere

455
456

H

W

112.12

112.12

460

W

112.08

459

112.20
10cm

457

W

keine Meinung

112.13

450

446

112.22112.24 112.19
S 452 M 451
454
447
om 449
453
Str448
112.25

H

444

445

461
458
112.25

25cm

20

112.26

462

463
464
112.18

465

600
112.20

943
112.01

112.22
1002

alt

112.16

112.02

111.97
628 111.94
111.91
630
629
612

111.93

W112.12
W
W 112.14
574
5112.13
75

Regelmäßige Märkte

948

W

112.15
112.08

112.10
112.09
S
639 637 KP
112.09
112.09
638
640
633 F-Bord
632
631

6cm

617

W

112.19
1003
112.18
601

18

112.09

468
112.26

467
112.14

25cm

112.16
607
112.11112.16
606
112.19
112.16
608 112.17
112.18
611610609 605
602
112.19
604603
947
112.17
KP

573
572

112.17

112.13

6cm

469

GR

S 571

599
112.22

46%

sehr wichtig

112.23

112.07

H

H

111.99

112.09
112.06
626
625
L
627
641 GRP

ph
As

112.07
111.97

H

d

112.14

111.94
111.82

903
112.65

597
112.21

,02
6*1
(0,

r

Pfo

112.01

W
111.96
111.99
W 111.99
951952
953
W

940
939

112.15
938
937
112.08

112.27
112.20

623
624

18%

r
Bo

e

ck

23

112.24
945
112.31
622
618621
112.23
S
620
619

bar
ton

Be

954

112.26

112.31
944 946

KP

F-

He

.31
2.25

G

112.15
900
901
936

902

89

Autofreie Bereiche

113.02

29
112.34

L
RP

442
443

Sichere Fußwegquerung der Straße

aße

unwichtig

Ausreichend PRW Stellplätze
(gleiche anzahl o. mehr)
)

21%

899

927
1

KP

596
112.23

112.04

28%

6
3.4
11

30

W

33% 616

112.98

15%

112.11

491 112.17

112.17

112.16
112.18
112.18
472
474
S
473 475
112.19
471

112.22
112.25

470

476
112.24

PL

Fahrradwege

112.25

895

113.49

113.03

36%

896
113.02

112.20

112.15
112.07

595
112.25

113.50

897
898
935

nhW
e
t
o
Fahrradstän
Pf der

23%

GP

KP

113.03
113.51

tr

rs
aue

112.25

29%

111.98
917
916
111.86

932

Mehr Sitzbänke

Regelmäßige Feste

Mehr Bäume und Grüngestaltung

915

21%

21

Mehr Mülleimer

112.28

18%

28

Ba

6

.3

112.54

112.35
933
934
112.20

B

9

901
1

112.01
112.13
926
927
112.06

lz- r
Ho ulptu
sk

5

12

19
11

Asphalt

5

.2

0
6.2
11 hrt
a
hf

rc

)1

(T

.2
12

)1

.2
12

)1

)1

3

42

pp
Tre

930

112.22

KP

Tauschbox, Bücherschrank

Trinkbrunnen

is
n
ö

.2
12

893 113.49
892 891

929
e

112.21

112.12
115.69 863
S112.20
112.18
842
843
787
844 643
111.99
788
S
111.97
112.15
862
851
P
861 111.97
KP
K
S 112.27
860
859
111.82
112.27
112.00
845
112.19
858
849
d
111.97
r
111.82
S112.26
848
Bo
852
853F
112.27
847
PL
846
111.94
GR
789
111.83
854
855
790
112.26
791
856
857
850
111.97
793
792
W
KP
111.85
794
868
1867
112.27
906
869
112.11
907
870
908

871
873
112.27
872
886
887
909
112.32
112.26
874
112.09
876
112.21
880
112.06
911
875
882
924
921
S
112.23
881918 112.27
910
922
877
913
919 920
879
112.04
923885 6883
912
111.97
112.10
878112.04
.2
914
905
904
111.83
12
1884

KP

112.86

931

785
786

1

F-Bord

h
c
is

z

3

)1

894
113.04

27

KP

Öffentliche Toiletten

t
a
l
p
ch

.2
12

)1

(K

113.08

925

1
.3
12

2

.3

9

)1

)1

6
.2
12
6
)1 2.2
1

)1

)1

(T

13

Du

(K

(K

(T

(K

928
113.50
890

112.91

7

112.21
112.20
839
840

9
5.6
11 hrt
a
hf

6
.4
Nr46

4
.4
Nr44

Hs

112.86

113.51

S

112.27

55

2

0

12

.2
12

)1

7
.2
12 .27
12

)1

)1

(T

(K

(K

a
l
p

n
ö
B

11

rc

Hs

9
5.6
11 hrt
a
hf
rc

Du

7
841

112.20

3
.19
r
N3
s
H 10

S

S

888
889

1
.3
12

3

.3

.3
12

)1

.3
12

)1

)1

tz

Außensitzplätze für Gastronomie

Du

9

20
7

113.49

15

(T

(K

(T

(K

(K

13

11

20
8

se

)1
(K

12

)1

(T

(K

(K

20
14

)1
(K

15

20
13

16

22

