Anlage 3
Kaufpreisübersicht
Flurstück
24/12
24/13
24/17
24/25
24/26
24/27
24/28
24/29
24/30
24/31
24/34
24/36
24/38
24/39
24/40
24/42
24/43
24/44
24/45
24/46
24/50
24/51
24/52
24/53
24/54
24/55
24/56
24/57
24/58
24/59
24/60
24/61
24/62
24/63
24/64
24/65
24/66
24/67
24/74
24/77
24/96
24/97
24/99
95
98

Pauschalpreis

Fläche in m²
6.660
5.317
7.600
8.778
6.729
4.866
3.285
1.485
742
1.485
13.623
13.623
1.982
1.584
1.521
1.659
1.500
1.563
1.598
1.795
1.543
1.964
3.375
3.375
4.400
4.400
2.003
2.025
2.025
2.025
2.280
2.120
2.120
2.258
2.263
2.300
2.242
2.217
28.656
5.254
764
32
7.443
1.018
8.561
184.058

Nutzart GB
GF
GF
GF
GF
GF
GF
GF
GF
GF
GF
LaWi
Verkfl
GF
GF
GF
GF
GF
GF
GF
GF
GF
GF
GF
GF
GF
GF
GF
GF
GF
GF
GF
GF
GF
GF
GF
GF
GF
GF
LaWi
GF
GF
Verkfl
LaWi
Erholung
Erholung

13.623
13.623

28.656

32
7.443

63.377

120.681

KP €/m²
KP‐Anteil €
16,50 109.890,00
16,50
87.730,50
16,50 125.400,00
16,50 144.837,00
16,50 111.028,50
16,50
80.289,00
16,50
54.202,50
16,50
24.502,50
16,50
12.243,00
16,50
24.502,50
0,65
8.854,95
2,50
34.057,50
16,50
32.703,00
16,50
26.136,00
16,50
25.096,50
16,50
27.373,50
16,50
24.750,00
16,50
25.789,50
16,50
26.367,00
16,50
29.617,50
16,50
25.459,50
16,50
32.406,00
16,50
55.687,50
16,50
55.687,50
16,50
72.600,00
16,50
72.600,00
16,50
33.049,50
16,50
33.412,50
16,50
33.412,50
16,50
33.412,50
16,50
37.620,00
16,50
34.980,00
16,50
34.980,00
16,50
37.257,00
16,50
37.339,50
16,50
37.950,00
16,50
36.993,00
16,50
36.580,50
0,65
18.626,40
16,50
86.691,00
16,50
12.606,00
2,50
80,00
0,65
4.837,95
10,50
10.689,00
10,50
89.890,50
2.000.219,30
2.000.000,00

8.854,95
34.057,50

18.626,40

80,00
4.837,95

66.456,80

