Anlage 2
öffentlich
Übernachtungszahlen in Dresden im Dezember in den Jahren 2001 bis 2018
Monat
Jahr

Ankünfte

Vgl VJ%

Dezember
Übernachtungen

2001
96.794
-4,5
2002
79.295
-18,6
2003
103.201
30,4
2004
117.444
13,8
2005
135.304
15,2
2006
139.253
2,9
2007
127.051
-8,8
2008
135.614
6,7
2009
152.768
12,6
2010
158.931
4,0
2011
180.842
13,8
2012
199.835
10,5
2013
210.095
5,1
2014
224.065
6,6
2015
210.924
-5,9
2016
216.339
2,6
2017
224.172
3,6
2018
222.993
-0,5
Quelle: Statistisches Landesamt des Freistaates Sachsen

204.504
163.815
209.856
240.578
282.126
292.622
270.966
279.894
309.314
319.196
355.365
410.783
415.281
448.185
426.635
425.826
453.808
460.583

Vgl VJ%

-2,2
-20,1
28,3
14,6
17,3
3,7
-7,4
3,3
10,5
3,3
11,3
15,6
1,1
7,9
-4,8
-0,2
6,6
1,5

