10.160

2021
2022
2023
2024
2025
2026
2027
2028
2029

2.860
5.719
8.579
11.439
14.299

22.837

21.346

44.365
49.557

43.676
48.766

42.926
47.916

Minimum (SVJ 15%)

2.810
5.619
8.429
11.239
14.049

19.863

42.539
47.467

bei - 5 %

2.758
5.517
8.275
11.033
13.792

18.507

41.977
46.828

41.493
46.278

40.941
45.708

40.304
45.040

Absenkung Umlageschlüssel um Prozentpunkte
bei - 1 %
bei - 2 %
bei - 3 %
bei - 4 %

2.723
5.447
8.170
10.893
13.617

2.681
5.362
8.044
10.725
13.406

17.116

2.643
5.286
7.929
10.572
13.216

15.752

2.611
5.222
7.833
10.443
13.054

14.440

2.578
5.157
7.735
10.314
12.892

39.746
44.453

38.786
43.430

Einfrieren (BK 2016)

13.143

2.551
5.103
7.654
10.205
12.757

11.889

2.497
4.993
7.490
9.986
12.483

Anlage 4 zu V0302/20

ZUSÄTZLICHES DEFIZIT P.A. AUS ABSENKUNG VON ELTERNBEITRÄGEN
Minimum (SVJ beitragsfrei)

2030

Haushaltsdefizit in Tausend Euro

