Anlage 3

Änderung Finanzhaushalt 2020 _ Hochwasser 2013 (Werte in Euro)
Nr.

3.1

3.2

3.3

3.4

3.5

3.6

3.7

3.8

Bezeichnung

Finanzhaushalt
B0102 Hermann-Conradi-Str. JHW2013

Pflasterpfl. Marienbrücke JHW2013

Parkplatz Pieschener Allee JHW2013

B0083 Kasematten Elbstraßenbr. JHW2013

B0116 Sosaer Straße JHW2013

Komplexmaßn. B.-Haupt-Straße JHW2013

Elberadweg Körnerweg JHW2013

B0106 Prof.-Billroth-Str. JHW2013

Produkt,
TU bzw. TI-Projekt

TI.32213.A66.V
TI.32213.A66.G
TI.32213.A66.B

Zuordnung
Bewirtschaftungseinheit

66_I_TI.32213

Sachkonto

68110000

TI.23413.A66.V
TI.23413.A66.G
TI.23413.A66.B

78520000
78210000
78520000

Summe Auszahlungen
TI.23413.E66.705

68110000

TI.23913.A66.V
TI.23913.A66.G
TI.23913.A66.B

78520000
78210000
78520000

66_I_TI.23913

Summe Auszahlungen
TI.23913.E66.705

68110000

TI.31513.A66.V
TI.31513.A66.G
TI.31513.A66.B

78520000
78210000
78520000

66_I_TI.31513

Summe Auszahlungen
TI.31513.E66.705

68110000

TI.31113.A66.V
TI.31113.A66.G
TI.31113.A66.B

78520000
78210000
78520000

66_I_TI.31113

Summe Auszahlungen
TI.31113.E66.705

68110000

TI.23113.A66.V
TI.23113.A66.G
TI.23113.A66.B

78520000
78210000
78520000

66_I_TI.23113

Summe Auszahlungen
TI.23113.E66.705

68110000

TI.24213.A66.V
TI.24213.A66.G
TI.24213.A66.B

78520000
78210000
78520000

66_I_TI.24213

Summe Auszahlungen
TI.24213.E66.705

68110000

TI.30213.A66.V
TI.30213.A66.G
TI.30213.A66.B

78520000
78210000
78520000

Summe Auszahlungen
TI.30213.E66.705

66_I_TI.30213

Einzahlungen
2020
HER+Üpl/Apl

Einzahlungen
2020
Änderung

Einzahlungen
2020
neu

78520000
78210000
78520000

Summe Auszahlungen
TI.32213.E66.705

66_I_TI.23413

Einzahlungen
2020
alt

68110000

0,00

0,00

0,00

0,00

0,00

1.250.150,00

0,00

0,00

338.395,88

327.750,00

289.800,00

434.700,00

173.055,68

0,00

221.950,00

179.764,03

109.111,00

105.830,00

93.576,00

96.012,00

36.500,00

0,00

0,00

0,00

447.506,88

433.580,00

383.376,00

530.712,00

209.555,68

1.250.150,00

221.950,00

179.764,03

Auszahlungen Auszahlungen Auszahlungen
2020
2020
2020
alt
Änderung
HAR+Üpl/Apl+B
udgetumvert.

Auszahlungen
2020
neu

0,00
0,00
0,00

0,00
0,00
7.274,35

0,00
0,00
-7.274,00

0,00
0,00
0,35

0,00

7.274,35

-7.274,00

0,35

0,00
0,00
0,00

0,00
0,00
0,00

0,00
0,00
0,00

0,00
0,00
0,00

0,00

0,00

0,00

0,00

0,00
0,00
0,00

5.057,15
0,00
39.898,07

-5.057,00
0,00
-39.898,00

0,15
0,00
0,07

0,00

44.955,22

-44.955,00

0,22

0,00
0,00
0,00

0,00
0,00
7.060,39

0,00
0,00
-7.060,00

0,00
0,00
0,39

0,00

7.060,39

-7.060,00

0,39

0,00
0,00
0,00

0,00
0,00
0,00

0,00
0,00
0,00

0,00
0,00
0,00

0,00

0,00

0,00

0,00

0,00
0,00
2.363.800,00

366.536,77
0,00
709.769,08

0,00
0,00
576.616,00

366.536,77
0,00
3.650.185,08

2.363.800,00

1.076.305,85

576.616,00

4.016.721,85

0,00
0,00
0,00

0,00
0,00
29.851,31

0,00
0,00
-29.851,00

0,00
0,00
0,31

0,00

29.851,31

-29.851,00

0,31

0,00
0,00
0,00

6.824,05
0,00
29.277,69

-6.824,00
0,00
-29.277,00

0,05
0,00
0,69

0,00

36.101,74

-36.101,00

0,74

Zuschuss
2020
neu

-447.506,53

-433.580,00

-383.375,78

-530.711,61

-209.555,68

2.766.571,85

-221.949,69

-179.763,29

1/2

3.9

B0021 Am Kirchberg JHW2013

3.10 B0024 Tunnel Neust. Markt JHW2013

TI.31413.A66.V
TI.31413.A66.G
TI.31413.A66.B
Summe Auszahlungen
TI.31413.E66.705

68110000

TI.32013.A66.V
TI.32013.A66.G
TI.32013.A66.B

78520000
78210000
78520000

Summe Auszahlungen
TI.32013.E66.705
Gesamt

66_I_TI.31413

78520000
78210000
78520000

66_I_TI.32013

68110000

0,00

0,00

0,00

0,00

0,00

0,00

0,00

1.250.150,00

1.965.415,59

441.029,00

3.656.594,59

Eigenmittel (alt)

360.130,77

Eigenmittel (neu)

360.130,77

Eigenmittelabweichung

0,00

Anlage 3

0,00
0,00
0,00

6.823,82
0,00
1.349,55

-6.823,00
0,00
-1.349,00

0,82
0,00
0,55

0,00

8.173,37

-8.172,00

1,37

0,00
0,00
0,00

2.174,13
0,00
0,00

-2.174,00
0,00
0,00

0,13
0,00
0,00

0,00

2.174,13

-2.174,00

0,13

0,13

2.363.800,00

1.211.896,36

441.029,00

4.016.725,36

360.130,77

1,37

0,00

2/2

