Anlage 1

Änderung Finanzhaushalt 2020 (Werte in Euro)
Nr.

1.1

1.2

1.3

Bezeichnung

Waldschlößchenbrücke

SP_G-Eisenbahnkreuzungsgesetz

Kötzschenbrodaer Straße

Produkt,
TU bzw. TI-Projekt

TI.30009.A66.V
TI.30009.A66.G
TI.30009.A66.B

Zuordnung
Bewirtschaftungseinheit

66_I_TI.30009

1.5

1.6

1.7

CB_BÜ Grüner Weg

Stauffenbergallee West, 2. BA

Stadtbahn 2020 TA 2

HW02_Pirnaer Landstraße, 5. BA

78520000
78210000
78520000

Summe Auszahlungen
TI.30009.E66.705

68110000

TI.21311.A66.V
TI.21311.A66.G
TI21311.A66.B

78520000
78210000
78520000

66_I_TI.21311

Summe Auszahlungen
TI.21311.E66.705

68110000

TI.22120.A66.V
TI.22120.A66.G
TI.22120.A66.B

78520000
78210000
78520000

66_I_TI.22120

Summe Auszahlungen
TI.22120.E66.705
1.4

Sachkonto

TI.22212.A66.V
TI.22212.A66.G
TI.22212.A66.B
Summe Auszahlungen
TI.22212.E66.705
TI.22910.A66.V
TI.22910.A66.G
TI.22910.A66.B
Summe Auszahlungen
TI.22910.E66.705
TI.23020.A66.V
TI.23020.A66.G
TI.23020.A66.B
Summe Auszahlungen
TI.23020.E66.705
TI.25202.A66.V
TI.25202.A66.G
TI.25202.A66.B

68110000

66_I_TI.22212

78520000
78210000
78520000
68110000

66_I_TI.22910

78520000
78210000
78520000
68110000

66_I_TI.23020

78520000
78210000
78520000
68110000

66_I_TI.25202

78520000
78210000
78520000

Auszahlungen
2020
alt

1.000.000,00

Auszahlungen
2020
HAR+Üpl/Apl+
Budgetumvert.
60.485,07
635.784,05
2.324.526,00

Auszahlungen
2020
Änderung

Auszahlungen
2020
neu

1.000.000,00

3.020.795,12

-1.090.000,00

2.930.795,12

0,00
0,00
50.000,00

8.529,16
395,75
118.857,38

0,00
0,00
-140.000,00

8.529,16
395,75
28.857,38

50.000,00

127.782,29

-140.000,00

37.782,29

0,00
0,00
150.000,00

0,00
0,00
0,00

0,00
0,00
-150.000,00

0,00
0,00
0,00

150.000,00

0,00

0,00
0,00
0,00
0,00

44.987,00
0,00
19.619,00
64.606,00

-44.987,00
0,00
-19.619,00
-64.606,00

0,00
0,00
0,00
0,00

0,00
0,00
0,00
0,00

428.014,86
0,00
81.960,25
509.975,11

0,00
0,00
-81.900,00
-81.900,00

428.014,86
0,00
60,25
428.075,11

0,00
0,00
150.000,00
150.000,00

0,00
0,00
0,00
0,00

0,00
0,00
-150.000,00
-150.000,00

0,00
0,00
0,00
0,00

0,00
0,00
0,00

0,00
77.460,94
0,00

0,00
0,00
-65.000,00

0,00
77.460,94
-65.000,00

0,00
0,00
-1.090.000,00

60.485,07
635.784,05
2.234.526,00

-150.000,00

0,00

1/3

Anlage 1

Nr.

Bezeichnung

Produkt,
TU bzw. TI-Projekt

Zuordnung
Bewirtschaftungseinheit

Summe Auszahlungen
TI.25202.E66.705
1.8

1.9

1.10

1.11

1.12

1.13

1.14

WX_ÖPNV-Maßnahmen

K 6276 - Hohendölzschener Straße

Quohrener Straße - K 6212

SP_S-Einzelmaßnahmen Straße

SP_S-Gehwege

Bautzner Landstraße ab Schillerstraße

Königsbrücker Straße Mitte

TI.22211.A66.V
TI.22211.A66.G
TI.22211.A66.B
Summe Auszahlungen
TI.22211.E66.705
TI.21510.A66.V
TI.21510.A66.G
TI.21510.A66.B
Summe Auszahlungen
TI.21510.E66.705
TI.22014.A66.V
TI.22014.A66.G
TI.22014.A66.B
Summe Auszahlungen
TI.22014.E66.705
TI.40311.A66.V
TI.40311.A66.G
TI.40311.A66.B
Summe Auszahlungen
TI.40311.E66.705
TI.40711.A66.V
TI.40711.A66.G
TI.40711.A66.B
Summe Auszahlungen
TI.40711.E66.705
TI.21820.A66.V
TI.21820.A66.G
TI.21820.A66.B
Summe Auszahlungen
TI.21820.E66.705
TI.22020.A66.V
TI.22020.A66.G
TI.22020.A66.B

Sachkonto

68110000

66_I_TI.22211

78520000
78210000
78520000
68110000

66_I_TI.21510

78520000
78210000
78520000
68110000

66_I_TI.22014

78520000
78210000
78520000
68110000

66_I_TI.40311

78520000
78210000
78520000
68110000

66_I_TI.40711

78520000
78210000
78520000
68110000

66_I_TI.21820

78520000
78210000
78520000
68110000

66_I_TI.22020

78520000
78210000
78520000

Auszahlungen
2020
alt

Auszahlungen
2020
HAR+Üpl/Apl+
Budgetumvert.

Auszahlungen
2020
Änderung

Auszahlungen
2020
neu

0,00

77.460,94

-65.000,00

12.460,94

0,00
0,00
0,00
0,00

0,00
0,00
27.633,00
27.633,00

0,00
0,00
-27.605,00
-27.605,00

0,00
0,00
28,00
28,00

0,00
0,00
50.000,00
50.000,00

3.800,52
0,00
50.679,91
54.480,43

0,00
0,00
-100.675,00
-100.675,00

3.800,52
0,00
4,91
3.805,43

0,00
0,00
0,00
0,00

30.000,00
0,00
0,00
30.000,00

-30.000,00
0,00
0,00
-30.000,00

0,00
0,00
0,00
0,00

0,00
0,00
0,00
0,00

0,00
0,00
49.114,62
49.114,62

0,00
0,00
-49.114,00
-49.114,00

0,00
0,00
0,62
0,62

0,00
0,00
0,00
0,00

3.000,00
0,00
116.137,25
119.137,25

-3.000,00
0,00
-116.100,00
-119.100,00

0,00
0,00
37,25
37,25

0,00
0,00
250.000,00
250.000,00

0,00
0,00
0,00
0,00

0,00
0,00
-250.000,00
-250.000,00

0,00
0,00
0,00
0,00

0,00
0,00
200.000,00

0,00
0,00
200.000,00

0,00
0,00
-300.000,00

0,00
0,00
100.000,00

2/3

Anlage 1

Nr.

Bezeichnung

Produkt,
TU bzw. TI-Projekt

Zuordnung
Bewirtschaftungseinheit

Summe Auszahlungen
TI.22020.E66.705
1.15

SP_G-Verkehrssicherheit, -leiteinricht.

Gesamt

TI.50511.A66.V
TI.50511.A66.G
TI.50511.A66.B
Summe Auszahlungen
TI.50511.E66.705

Sachkonto

68110000

66_I_TI.50511

78520000
78210000
78520000
68110000

Auszahlungen
2020
alt

Auszahlungen
2020
HAR+Üpl/Apl+
Budgetumvert.

Auszahlungen
2020
Änderung

Auszahlungen
2020
neu

200.000,00

200.000,00

-300.000,00

100.000,00

0,00
0,00
1.000.000,00
1.000.000,00

8.190,19
0,00
183.262,05
191.452,24

0,00
0,00
-282.000,00
-282.000,00

8.190,19
0,00
901.262,05
909.452,24

2.850.000,00

4.472.437,00

-2.900.000,00

4.422.437,00

3/3

