Eingliederungsleistungen SGB II
(HH-Jahr 2019/2020)

Anlage 2

HH-Planung 2021
lfd.
Nr.

Antragsteller

Projekt /
Maßnahme /
Objekt

Zuwendung 2020

Gesamt-kosten
Projekt

PK
gesamt

SK
gesamt

geringf.
Fachpersonal Beschäftigte/
FSJ/
in VzÄ
FDAG in VzÄ

Antragssumme 2021

HH-Planung 2022

davon Personalkosten

zusätzlich
beantragte
VzÄ ggü. HHJ
2020

davon
Sachkosten

Fördervorschlag

Eingliederungsleistungen SGB II
Arbeitslose (freiwillige Aufgabe / SR-Beschluss A0057-SR11-05)
2.1

Arbeitslosen-Initiative

unabhängige Sozialberatung für Arbeitslose

psychosoziale Betreuung (Pflichtleistung § 16a SGB II)

davon
Personalkosten

davon
Sachkosten

Gesamt-kosten
Projekt

2%

2%

PK gesamt

SK gesamt

Fachpersonal
in VzÄ

geringf.
Beschäftigte/ Antrags-summe davon PersonalFSJ/
kosten
2022
FDAG in VzÄ

davon
Sachkosten

zusätzlich
beantragte
Förder-vorschlag
VzÄ ggü. HHJ
2020

davon
Personalkosten

davon
Sachkosten

2%

2%

20.000,00

24.068,00

0,00

24.068,00

0,00

0,00

20.000,00

0,00

20.000,00

0,00

20.000,00

0,00

20.000,00

24.068,00

0,00

24.068,00

0,00

0,00

20.000,00

0,00

20.000,00

0,00

20.000,00

0,00

20.000,00

20.000,00

24.068,00

0,00

24.068,00

0,00

0,00

20.000,00

0,00

20.000,00

0,00

20.000,00

0,00

20.000,00

24.068,00

0,00

24.068,00

0,00

0,00

20.000,00

0,00

20.000,00

0,00

20.000,00

0,00

20.000,00

120.066,88

141.101,59

89.474,51

51.627,08

1,75

0,00

139.591,72

89.474,51

50.117,21

0,03

122.677,61

75.623,13

47.054,48

145.347,08

93.465,67

51.881,41

1,75

0,00

143.900,26

93.465,67

50.434,59

0,03

125.345,11

77.267,48

48.077,63

12.762,00

32.432,00

0,00

32.432,00

0,00

0,00

30.932,00

0,00

30.932,00

0,00

13.017,25

0,00

13.017,25

32.432,00

0,00

32.432,00

0,00

0,00

30.932,00

0,00

30.932,00

0,00

13.277,60

0,00

13.277,60

129.158,74

147.812,00

113.864,00

33.948,00

1,85

0,00

144.688,00

113.864,00

30.824,00

0,00

131.804,40

104.530,52

27.273,88

155.582,00

120.437,00

35.145,00

1,85

0,00

152.326,00

120.437,00

31.889,00

0,00

134.504,24

106.671,69

27.832,55

73.203,98

77.118,46

57.787,46

19.331,00

1,13

0,13

77.093,46

57.787,46

19.306,00

0,00

74.668,46

55.636,18

19.032,28

79.258,28

59.727,28

19.531,00

1,13

0,13

79.233,28

59.727,28

19.506,00

0,00

76.162,24

56.749,21

19.413,03

2.2

DPBV e. V.

Gorbitz

2.3

Bürgerinitiative Prohlis

Bürgerzentrum
Prohlis

2.4

DRK Kreisverband

Pieschen

2.5

Caritas

2.6

Stadtmission Dresden

Hechtviertel, LöbtauNord, Friedrichstadt

143.565,37

158.332,67

132.872,67

25.460,00

2,00

0,00

148.212,67

132.872,67

15.340,00

0,00

146.744,04

132.648,72

14.095,32

165.678,13

139.678,13

26.000,00

2,00

0,00

155.558,13

139.678,13

15.880,00

0,00

149.993,09

135.585,68

14.407,41

2.7

Frauen f. Frauen e. V.
"sowieso"

Beratung/Integration
f. langzeitarbeitslose
Frauen

140.450,00

141.060,00

127.870,00

13.190,00

2,13

0,00

141.060,00

127.870,00

13.190,00

0,00

140.773,00

127.870,00

12.903,00

144.240,00

131.050,00

13.190,00

2,13

0,00

144.240,00

131.050,00

13.190,00

0,00

143.588,46

130.427,40

13.161,06

2.8

Frauenbildungszentrum "Hilfe zur Selbsthilfe"

Beratung für langzeitarbeitslose
Frauen

153.697,37

164.908,04

132.608,69

32.299,35

2,25

0,00

164.908,04

132.608,69

32.299,35

0,00

156.771,32

128.520,44

28.250,88

170.803,90

138.504,55

32.299,35

2,25

0,00

170.803,90

138.504,55

32.299,35

0,00

159.906,74

131.090,85

28.815,90

2.9

Männernetzwerk

Projekt P3/sozial

176.765,25

198.875,00

149.780,00

49.095,00

2,38

0,00

198.575,00

149.780,00

48.795,00

0,12

180.300,56

136.399,50

43.901,06

211.303,00

155.560,00

55.743,00

2,38

0,00

211.003,00

155.560,00

55.443,00

0,12

183.906,57

139.127,49

44.779,08

949.669,59

1.061.639,76

804.257,33

257.382,43

13,48

0,13

1.045.060,89

804.257,33

240.803,56

0,15

966.756,63

761.228,48

205.528,14

1.104.644,39

838.422,63

266.221,76

13,48

0,13

1.087.996,57

838.422,63

249.573,94

0,15

986.684,04

776.919,80

209.764,24

52.000,00

194.000,00

137.500,00

56.500,00

2,88

0,00

91.000,00

82.000,00

9.000,00

1,38

53.844,04

44.844,04

9.000,00

196.000,00

139.000,00

57.000,00

2,88

0,00

91.500,00

82.500,00

9.000,00

1,38

55.767,16

46.767,16

9.000,00

52.000,00

194.000,00

137.500,00

56.500,00

2,88

0,00

91.000,00

82.000,00

9.000,00

1,38

53.844,04

44.844,04

9.000,00

196.000,00

139.000,00

57.000,00

2,88

0,00

91.500,00

82.500,00

9.000,00

1,38

55.767,16

46.767,16

9.000,00

68.250,00

78.320,00

66.200,00

12.120,00

1,00

0,00

71.200,00

66.200,00

5.000,00

0,00

68.875,00

63.875,00

5.000,00

124.300,00

109.000,00

15.300,00

1,50

0,00

113.000,00

109.000,00

4.000,00

0,50

69.280,25

65.280,25

4.000,00

68.250,00

78.320,00

66.200,00

12.120,00

1,00

0,00

71.200,00

66.200,00

5.000,00

0,00

68.875,00

63.875,00

5.000,00

124.300,00

109.000,00

15.300,00

1,50

0,00

113.000,00

109.000,00

4.000,00

0,50

69.280,25

65.280,25

4.000,00

75.773,94

96.120,97

61.992,72

34.128,25

1,00

1,25

77.868,87

52.392,72

25.476,15

0,00

75.107,71

52.392,72

22.714,99

88.231,06

53.440,58

34.790,48

1,00

0,00

79.407,95

53.440,58

25.967,37

0,00

76.742,86

53.440,58

23.302,28

75.773,94

96.120,97

61.992,72

34.128,25

1,00

1,25

77.868,87

52.392,72

25.476,15

0,00

75.107,71

52.392,72

22.714,99

88.231,06

53.440,58

34.790,48

1,00

0,00

79.407,95

53.440,58

25.967,37

0,00

76.742,86

53.440,58

23.302,28

Bürgertreff "Sonnenblume"

zugehende Hilfen insbesondere für Wohnungslose im SGB II-Bezug i. V. m. DRO
2.10

DROBS e. V.

"Neue Wege"

Orientierungsberatung (freiwillige Aufgabe)
2.11

Volkshochschule Dresden e. V.

Orientierungsberatung

Eltern-Kind-Büro (freiwillige Aufgabe)

2.12

Fonds
2.13

KulturLeben Dresden UG

Eltern-Kind-Büro

Budget für unabweisbare Tarif-,
Stufen- und
Sachkostensteigerungen

0,00

15.416,62

0,00

0,00

0,00

0,00

0,00

0,00

0,00

0,00

0,00

0,00

0,00

15.416,62

0,00

0,00

0,00

0,00

0,00

0,00

0,00

0,00

0,00

0,00

0,00

0,00

0,00

0,00

1.165.693,53

1.454.148,73

1.069.950,05

384.198,68

18,36

1,38

1.305.129,76

1.004.850,05

300.279,71

1,53

1.200.000,00

922.340,24

262.243,13

1.537.243,45

1.139.863,21

397.380,24

18,86

0,13

1.391.904,52

1.083.363,21

308.541,31

2,03

1.208.474,31

942.407,79

266.066,53

Seite 1 von 1

