Anlage 2
öffentlich

Übernachtungszahlen in Dresden im Dezember in den Jahren 2001 bis 2019
Monat
Jahr
2001
2002
2003
2004
2005
2006
2007
2008
2009
2010
2011
2012
2013
2014
2015
2016
2017
2018
2019

Ankünfte
96.794
79.295
103.201
117.444
135.304
139.253
127.051
135.614
152.768
158.931
180.842
199.835
210.095
224.065
210.924
216.339
224.172
222.993
246.289

Dezember
Vgl VJ %
Übernachtungen
Vgl VJ %
-4,5
204.504
-2,2
-18,6
163.815
-20,1
30,4
209.856
28,3
13,8
240.578
14,6
15,2
282.126
17,3
2,9
292.622
3,7
-8,8
270.966
-7,4
6,7
279.894
3,3
12,6
309.314
10,5
4,0
319.196
3,3
13,8
355.365
11,3
10,5
410.783
15,6
5,1
415.281
1,1
6,6
448.185
7,9
-5,9
426.635
-4,8
2,6
425.826
-0,2
3,6
453.808
6,6
-0,5
460.583
1,5
10,4
491.467
6,7
Quelle: Dresden Marketing GmbH

