Anlage 2

Änderung Finanzhaushalt 2022 (Werte in Euro)
Nr.

Bezeichnung

Produkt,
TU bzw. TI-Projekt

Zuordnung
Bewirtschaftungseinheit

Sachkonto

Einzahlungen
2022
alt

Einzahlungen
2022
HER+Üpl/Apl

Einzahlungen
2022
Änderung

Einzahlungen
2022
neu

Auszahlungen Auszahlungen Auszahlungen
2022
2022
2022
alt
HAR+Üpl/Apl+B
Änderung
udgetumvert.

Auszahlungen
2022
neu

Zuschuss
2022
neu

3.969.138,60

Anpassung des FHH 2022 durch
Veränderung der Ein- und Auszahlungen
2.1

2.2

SP_G-Einzelmaßnahmen Straße II

Bergmannstr./Hepkeplatz/Heynathstr.

TI.40115.A66.V
TI.40115.A66.G
TI.40115.A66.B
Summe Auszahlungen
TI.40115.E66.705
TI.27121.A66.V
TI.27121.A66.G
TI.27121.A66.B

66_I_TI.40115

68110000

66_I_TI.27121

Summe Auszahlungen
TI.27121.E66.70500.1
2.3

2.4

Investitionsprogramm A66

Kesselsdorfer Straße

70.669000.700.999
Summe Auszahlungen
70.669000.700.999
TI.26721.A66.V
TI.26721.A66.G
TI.26721.A66.B

66_I_70.669000

66_I_TI.26721

2.6

2.7

2.8

2.9

VZ Dölzschen - Buslinie 62, 1. BA

Promenadenring

Postplatz

SP_G-Verkehrsmanagementmaßnahmen

VAMOS III

Gesamt

TI.21010.A66.V
TI.21010.A66.G
TI.21010.A66.B
Summe Auszahlungen
TI.21010.E66.705
TI.22017.A66.V
TI.22017.A66.G
TI.22017.A66.B
Summe Auszahlungen
TI.22017.E66.705
TI.23010.A66.V
TI.23010.A66.G
TI.23010.A66.B
Summe Auszahlungen
TI.23010.E66.705
TI.50911.A66.V
TI.50911.A66.G
TI.50911.A66.B
Summe Auszahlungen
TI.50911.E66.705
TI.53017.A66.V
TI.53017.A66.G
TI.53017.A66.B
Summe Auszahlungen
TI.53017.E66.705

78520000

0,00

0,00

0,00

0,00

0,00

0,00

0,00

0,00

0,00

0,00

0,00

0,00

0,00

675.120,00

0,00

675.120,00

500.000,00

0,00

500.000,00

0,00

0,00

0,00

78520000
78210000
78520000
0,00

0,00

0,00

0,00

78520000
78210000
78520000
68100000
68110000

0,00
0,00

662.601,07
286.342,53

0,00
0,00

662.601,07
286.342,53

0,00

2.124.063,60

0,00

2.124.063,60

Eigenmittel (alt)

11.576.900,73

Eigenmittel (neu)

11.576.900,73

Eigenmittelabweichung

0,00

78520000
78210000
78520000

68110000

66_I_TI.53017

0,00

78520000
78210000
78520000

68110000

66_I_TI.50911

0,00

78520000
78210000
78520000

68110000

66_I_TI.23010

0,00

78520000
78210000
78520000

68110000

66_I_TI.22017

0,00

78520000

68110000

66_I_TI.21010

0,00

78520000
78210000
78520000

68110000

Summe Auszahlungen
TI.26721.E66.70500.1
2.5

78520000
78210000
78520000

0,00

0,00
0,00
2.000.000,00
2.000.000,00

189.506,56
10.206,98
2.269.425,06
2.469.138,60

0,00
0,00
-500.000,00
-500.000,00

189.506,56
10.206,98
3.769.425,06
3.969.138,60

0,00
0,00
0,00

100.000,00
0,00
0,00

0,00
0,00
600.000,00

100.000,00
0,00
600.000,00

0,00

100.000,00

600.000,00

700.000,00

700.000,00

125.000,00
125.000,00

125.000,00
125.000,00

-100.000,00
-100.000,00

150.000,00
150.000,00

150.000,00

0,00
0,00
0,00

16.660,00
0,00
3.106,00

0,00
0,00
600.000,00

16.660,00
0,00
603.106,00

0,00

19.766,00

600.000,00

619.766,00

619.766,00

0,00
0,00
0,00
0,00

10.189,52
7.104,90
2.518.181,32
2.535.475,74

0,00
0,00
-600.000,00
-600.000,00

10.189,52
7.104,90
1.918.181,32
1.935.475,74

1.260.355,74

0,00
0,00
500.000,00
500.000,00

234.310,91
0,00
1.438.785,43
1.673.096,34

0,00
0,00
600.000,00
600.000,00

234.310,91
0,00
2.538.785,43
2.773.096,34

2.273.096,34

0,00
0,00
0,00
0,00

58.598,87
0,00
1.938.892,48
1.997.491,35

0,00
0,00
-600.000,00
-600.000,00

58.598,87
0,00
1.338.892,48
1.397.491,35

1.397.491,35

0,00
0,00
50.000,00
50.000,00

0,00
0,00
116.249,13
116.249,13

0,00
0,00
700.000,00
700.000,00

0,00
0,00
866.249,13
866.249,13

866.249,13

0,00
0,00
1.000.000,00
1.000.000,00

300.537,29
0,00
689.209,88
989.747,17

0,00
0,00
-700.000,00
-700.000,00

300.537,29
0,00
989.209,88
1.289.747,17

627.146,10

3.675.000,00

10.025.964,33

0,00

13.700.964,33

11.863.243,26

