Anlage 2: Pendlerverpflechtungen Dresdens zum Umland - Ein- und Auspendler 2017 bis 2021
Jahr

Arnsdorf

OttendorfOkrilla

Radeberg

Wachau Coswig

Klipp- Meißen Moritzhausen
burg

Radebeul

Radeburg

Weinböhla

Bannewitz

Dohna

DürrröhrsdorfDittersbach

Freital Heidenau Kreischa

Pirna

Wilsdruff

2.265
2.325
2.430
2.454
2.444

1.086
1.121
1.092
1.086
1.106

581
579
562
593
592

6.786
6.916
7.007
6.958
6.924

2.657
2.782
2.914
2.986
3.008

830
844
828
811
819

4.082
4.200
4.285
4.407
4.362

2.334
2.401
2.400
2.422
2.484

560
568
577
595
577

584
607
601
565
546

132
142
134
133
120

2.403
2.550
2.578
2.621
2.755

1.162
1.184
1.186
1.200
1.211

1.392
1.400
1.505
1.571
1.450

2.509
2.545
2.502
2.507
2.521

1.876
1.962
2.045
2.077
2.104

1.705
1.757
1.853
1.859
1.867

502
514
491
521
560

449
437
428
460
472

4.383
4.366
4.429
4.337
4.169

1.495
1.598
1.728
1.786
1.797

-562
-556
-677
-760
-631

1.573
1.655
1.783
1.900
1.841

458
439
355
345
380

Einpendler
2017
2018
2019
2020
2021

611
651
662
663
690

2.027
1.998
2.020
2.012
1.984

2.731
2.775
2.817
2.842
2.846

647
640
630
621
633

2.308
2.298
2.341
2.383
2.386

1.235
1.281
1.290
1.324
1.323

1.598
1.650
1.684
1.651
1.739

1.636
1.628
1.661
1.686
1.701

6.151
6.318
6.399
6.407
6.430

1.061
1.056
1.062
1.060
1.072

1.235
1.258
1.253
1.282
1.305

Auspendler
2017
2018
2019
2020
2021

421
435
393
406
407

1.646
1.607
1.617
1.571
1.543

2.421
2.512
2.520
2.497
2.598

650
663
681
674
684

1.050
966
1.015
956
956

952
959
985
952
977

1.268
1.305
1.294
1.245
1.298

669
662
684
690
719

4.712
4.602
4.578
4.348
4.475

796
829
856
894
840

151
156
155
143
165

Pendlersaldo
2017
2018
2019
2020
2021

190
216
269
257
283

381
391
403
441
441

310
263
297
345
248

-3
-23
-51
-53
-51

1.258
1.332
1.326
1.427
1.430

283
322
305
372
346

330
345
390
406
441

967
966
977
996
982

1.439
1.716
1.821
2.059
1.955

265
227
206
166
232

1.084
1.102
1.098
1.139
1.140

Stand:
30.06. des jeweiligen Jahres
Quellen: Statistisches Landesamt Sachsen
Quellen: Statistik der Bundesagentur für Arbeit (Stand: Januar 2022)
Hinweis: Eventuelle rückwirkende Korrekturen der Bundesagentur für Arbeit wurden für zurückliegende Jahre (2017 bis 2020) nicht berücksichtigt.

Landeshauptstadt Dresden, Kommunale Statistikstelle - Arbeit und Soziales 2021

