Anlage 3 zur V1927/22
IST/Prognose Fallzahlen 2022

Stand:

Jan 22
§ 181)
§ 20
§ 27
§ 28
§ 29
§ 30
§ 31
§ 35 ambulant2)
Teilergebnis ambulante HzE
§ 32
Teilergebnis teilstationäre HzE
§ 19
§ 33
§ 34 Heim
§ 34 betreutes Einzelwohnen
§ 35 stationär2)
Kostenerstattung
Teilergebnis stationäre HzE
§ 35a ambulant
§ 35a teilstationär
§ 35a stationär
§ 35a Kostenerstattung
Teilergebnis Eingliederungshilfe
Gesamtergebnis je Monat

4
2
16
29
1
253
736
0
1.041
49
49,000
53
340
594
8
1
130
1.126
226
3
93
6
328
2.544

Feb 22
5
2
16
27
1
259
735
0
1.045
51
51,000
55
341
600
9
1
128
1.134
228
3
89
6
326
2.556

Mrz 22
6
2
14
28
1
246
716
0
1.013
52
52,000
57
343
599
12
1
128
1.140
237
1
91
6
335
2.540

Apr 22
6
1
16
27
1
245
730
0
1.026
49
49,000
61
341
599
11
1
128
1.141
236
2
91
6
335
2.551

Mai 22
6
1
14
29
1
253
740
0
1.044
49
49,000
59
343
591
11
1
131
1.136
238
2
91
6
337
2.566

Jun 22
6
1
14
27
1
259
744
0
1.052
45
45,000
58
349
586
12
2
129
1.136
232
2
93
6
333
2.566

Jul 22
5
1
16
26
1
255
724
0
1.028
44
44,000
62
351
583
11
2
132
1.141
204
2
94
6
306
2.519

Aug 22
6
1
15
27
1
262
728
0
1.040
48
48,000
63
354
587
10
1
131
1.146
215
2
100
6
323
2.557

Sep 22
6
2
16
27
1
259
727
0
1.038
49
49,137
63
354
592
10
1
131
1.151
238
2
101
6
347
2.585

Okt 22
6
1
17
29
1
260
730
0
1.045
49
49,283
64
351
587
10
1
129
1.142
243
2
102
7
354
2.591

Nov 22
6
1
17
29
1
263
730
0
1.047
52
51,850
65
353
591
10
1
131
1.152
253
2
103
6
365
2.615

Dez 22
6
1
17
30
1
261
735
0
1.050
51
51,337
69
351
588
10
1
130
1.149
261
2
104
6
373
2.624

15.09.2022

Ø Fallzahl (Prognose)
5,63889
1,29167
15,54397
27,97937
1,00456
256,32093
731,25886
0,00000
1.039,03824
49,05064
49,05064
60,7400881
347,6192147
591,4744237
10,3650150
1,1238194
129,8496432
1.141,17220
234,27665
2,13667
95,92857
6,15385
338,49573
2.567,75681

