Anlage 2

Änderung Finanzhaushalt 2022 (Werte in Euro)
Nr.

Bezeichnung

Produkt,
TU bzw. TI-Projekt

Zuordnung
Bewirtschaftungseinheit

Sachkonto

Einzahlungen
2022
alt

Einzahlungen
2022
HER+Üpl/Apl

Einzahlungen
2022
Änderung

Einzahlungen
2022
neu

Auszahlungen Auszahlungen Auszahlungen
2022
2022
2022
alt
HAR+Üpl/Apl+B
Änderung
udgetumvert.

Auszahlungen
2022
neu

Eigenmittel
2022
neu

Anpassung des FHH 2022 durch
Veränderung der Ein- und Auszahlungen
2.1

2.2

2.3

2.4

2.5

2.6

2.7

2.8

2.9

B-Plan Nr. 79 - Planstraße

VZ Tittmann-/Haydn-/Spenerstr. (BL 64)

Stadtbahn 2020

Stadtbahn 2020 TA 1.4 Tiergartenstraße-O

Zentralhaltestelle Kesselsdorfer Straße

SP_K-Einzelmaßnahmen Straße

SW_SP_G-Einzelmaßnahmen Straße

Promenadenring

Postplatz

TI.22715.A66.V
TI.22715.A66.G
TI.22715.A66.B
Summe Auszahlungen
TI.22715.E66.705
TI.22213.A66.V
TI.22213.A66.G
TI.22213.A66.B
Summe Auszahlungen
TI.22213.E66.705
TI.22013.A66.V
TI.22013.A66.G
TI.22013.A66.B
Summe Auszahlungen
TI.22013.E66.705
TI.22615.A66.V
TI.22615.A66.G
TI.22615.A66.B
Summe Auszahlungen
TI.22615.E66.705
TI.23210.A66.V
TI.23210.A66.G
TI.23210.A66.B
Summe Auszahlungen
TI.23210.E66.705
TI.40211.A66.V
TI.40211.A66.G
TI.40211.A66.B
Summe Auszahlungen
TI.40211.E66.705
TI.42410.A66.V
TI.42410.A66.G
TI.42410.A66.B
Summe Auszahlungen
TI.42410.E66.705
TI.42410.E66.715
TI.22017.A66.V
TI.22017.A66.G
TI.22017.A66.B
Summe Auszahlungen
TI.22017.E66.705
TI.23010.A66.V
TI.23010.A66.G
TI.23010.A66.V
Summe Auszahlungen
TI.23010.E66.705

66_I_TI.22715

78520000
78210000
78520000
68110000

66_I_TI.22213

0,00

0,00

0,00

0,00

0,00

0,00

82.226,00

0,00

82.226,00

0,00

34.594,00

0,00

34.594,00

0,00

0,00

69.750,00

69.750,00

0,00
0,00

0,00
45.772,72

171.540,00
0,00

171.540,00
45.772,72

78520000
78210000
78520000
68110000

66_I_TI.23010

0,00

78520000
78210000
78520000
68110000
68895000

66_I_TI.22017

0,00

78520000
78210000
78520000
68110000

66_I_TI.42410

0,00

78520000
78210000
78520000
68110000

66_I_TI.40211

0,00

78520000
78210000
78520000
68110000

66_I_TI.23210

0,00

78520000
78210000
78520000
68110000

66_I_TI.22615

0,00

78520000
78210000
78520000
68110000

66_I_TI.22013

0,00

0,00

500.000,00

0,00

500.000,00

78520000
78210000
78520000
68110000

0,00

0,00

0,00

0,00

0,00
0,00
0,00
0,00

32.885,15
0,00
488.877,00
521.762,15

0,00
0,00
200.000,00
200.000,00

32.885,15
0,00
688.877,00
721.762,15

721.762,15

0,00
0,00
100.000,00
100.000,00

15.000,00
0,00
85.000,00
100.000,00

0,00
0,00
-200.000,00
-200.000,00

15.000,00
0,00
-15.000,00
0,00

0,00

0,00
0,00
500.000,00
500.000,00

1.101.673,38
350.000,00
40.888,21
1.492.561,59

0,00
0,00
620.000,00
620.000,00

1.101.673,38
350.000,00
1.160.888,21
2.612.561,59

2.612.561,59

0,00
0,00
0,00
0,00

9.765,18
33.973,17
613.575,63
657.313,98

0,00
0,00
-520.000,00
-520.000,00

9.765,18
33.973,17
93.575,63
137.313,98

55.087,98

0,00
0,00
0,00
0,00

7.476,26
13.747,05
233.270,70
254.494,01

0,00
0,00
-100.000,00
-100.000,00

7.476,26
13.747,05
133.270,70
154.494,01

119.900,01

0,00
0,00
0,00
0,00

47.917,10
46.250,36
991.104,03
1.085.271,49

0,00
0,00
69.750,00
69.750,00

47.917,10
46.250,36
1.060.854,03
1.155.021,49

1.085.271,49

0,00
0,00
800.000,00
800.000,00

112.018,19
37.194,96
305.932,08
455.145,23

0,00
0,00
171.540,00
171.540,00

112.018,19
37.194,96
1.277.472,08
1.426.685,23

1.209.372,51

0,00
0,00
500.000,00
500.000,00

234.310,91
0,00
1.993.785,43
2.228.096,34

0,00
0,00
500.000,00
500.000,00

234.310,91
0,00
2.993.785,43
3.228.096,34

2.728.096,34

0,00
0,00
0,00
0,00

58.598,87
0,00
1.338.892,48
1.397.491,35

0,00
0,00
-500.000,00
-500.000,00

58.598,87
0,00
838.892,48
897.491,35

897.491,35

Anlage 2

Änderung Finanzhaushalt 2022 (Werte in Euro)
Nr.

2.10

2.11

2.12

2.13

2.14

Bezeichnung

SP_G-Standorterschließung/-gestaltung

Südhöhe/C.-D.-F.-Straße

Erschließung NVZ

Verkehrsmanagement

VAMOS III

Gesamt

Produkt,
TU bzw. TI-Projekt

TI.20111.A66.V
TI.20111.A66.G
TI.20111.A66.B
Summe Auszahlungen
TI.2011.E66.705
TI.42011.A66.V
TI.42011.A66.G
TI.42011.A66.B
Summe Auszahlungen
TI.42011.E66.705
TI.28122.A66.V
TI.28122.A66.G
TI.28122.A66.B
Summe Auszahlungen
TI.28122.E66.70500.1
TI.53022.A66.V
TI.53022.A66.G
TI.53022.A66.B
Summe Auszahlungen
TI.53022.E66.70500.1
TI.53017.A66.V
TI.53017.A66.G
TI.53017.A66.B
Summe Auszahlungen
TI.53017.E66.705

Zuordnung
Bewirtschaftungseinheit

66_I_TI.20111

Sachkonto

0,00

0,00

0,00

0,00

0,00

0,00

1.159.984,00

0,00

1.159.984,00

0,00

0,00

0,00

0,00

0,00

0,00

78520000
78210000
78520000
68110000
68100000

0,00
0,00

286.342,53
662.601,07

0,00
0,00

286.342,53
662.601,07

0,00

2.771.520,32

241.290,00

3.012.810,32

Eigenmittel (alt)

13.124.020,30

Eigenmittel (neu)

13.124.020,30

Eigenmittelabweichung

0,00

78520000
78210000
78520000
68110000

66_I_TI.53017

Einzahlungen
2022
neu

78520000
78210000
78520000
68110000

66_I_TI.53022

Einzahlungen
2022
Änderung

78520000
78210000
78520000
68110000

66_I_TI.28122

Einzahlungen
2022
HER+Üpl/Apl

78520000
78210000
78520000
68110000

66_I_TI.42011

Einzahlungen
2022
alt

0,00

Auszahlungen Auszahlungen Auszahlungen
2022
2022
2022
alt
HAR+Üpl/Apl+B
Änderung
udgetumvert.

Auszahlungen
2022
neu

Eigenmittel
2022
neu

0,00
0,00
700.000,00
700.000,00

407.665,08
64.120,00
180.806,05
652.591,13

0,00
0,00
90.000,00
90.000,00

407.665,08
64.120,00
970.806,05
1.442.591,13

1.442.591,13

0,00
0,00
0,00
0,00

46.573,16
38.035,18
3.576.457,84
3.661.066,18

0,00
0,00
-110.000,00
-110.000,00

46.573,16
38.035,18
3.466.457,84
3.551.066,18

2.391.082,18

0,00
0,00
0,00
0,00

0,00
0,00
0,00
0,00

20.000,00
0,00
20.000,00

20.000,00
0,00
0,00
20.000,00

20.000,00

0,00
0,00
0,00
0,00

0,00
0,00
0,00
0,00

0,00
0,00
20.000,00
20.000,00

0,00
0,00
20.000,00
20.000,00

20.000,00

0,00
0,00
1.000.000,00
1.000.000,00

300.537,29
0,00
-510.790,12
-210.252,83

0,00
0,00
-20.000,00
-20.000,00

300.537,29
0,00
469.209,88
769.747,17

-179.196,43

3.600.000,00

12.295.540,62

241.290,00

16.136.830,62

13.124.020,30

