grafische Darstellung der Prioritäten - SANEKO 2022
Anzahl

Gesamt

Anlage 8

Kosten in TEURO
2021/22
2023/24
2025/26

2019/20

2027/28

2029/30

52

147.320

10.050

32.671

34.030

32.586

14.003

23.980

Prio 2

64

160.007

658

6.739

39.185

56.180

28.245

29.000

Prio 3

35

40.354

0

1.689

4.220

25.315

2.730

6.400

Prio 4

17

14.795

0

0

1.430

9.785

2.150

1.430

Prio 5

12

17.887

0

0

1.665

0

12.550

3.672

Prio 6

13

7.850

0

0

1.020

0

0

6.830

Summe

193

388.213

10.708

41.099

81.550

123.866

59.678

71.312

2021/22

2023/24

2025/26

2027/28

2029/30

0
0
1.020
0
0
6.830
PRIO 6

1.665

2021/22

Prio 2

Prio 3

Prio 4

Prio 5

Prio 6

12.550
2.730
2.150
0

0
0
2025/26

2027/28

6.400
1.430
3.672
6.830

28.245
14.003

25.315
9.785

4.220
1.430
1.665
1.020
2023/24

Prio 1

23.980
29.000

PRIO 4

32.586

34.030
39.185
0
0
0

1.689

32.671
6.739

10.050
658
0
0
0
0
2019/20

3.672

PRIO 5

0
0

2.150
1.430

0
0
1.430

9.785

12.550

25.315
PRIO 3

0

PRIO 2

56.180

PRIO 1

2.730
6.400

658

0
1.689
4.220

6.739

14.003

23.980

28.245
29.000

32.671
34.030
32.586
10.050

2019/20

39.185

56.180

Prio 1

2029/30

