Anlage 4

Grundtarif in Euro

Dresden
(beantragt)

Chemnitz
01.12.2022

Leipzig
01.12.2022

Berlin
20.12.2022

München
01.06.2022

Hamburg
01.06.2022

Köln
01.09.2022

Nürnberg
01.12.2022

Frankfurt/M
(beantragt)

4,50

4,00

4,00

4,30

5,30

5,00 / 3,90

4,90

4,50

4,00

2,60
2,60
2,60
2,60
2,60
2,60
2,20
2,20
2,20

4,30
2,50
2,50
2,50
2,50
2,00
2,00
2,00
2,00

2,40
2,40
2,40
2,40
2,40
2,40
2,40
2,40
2,40

km Tarif tags in Euro
bis 1 km
bis 2 km
bis 3 km
bis 4 km
bis 5 km
bis 7 km
bis 9 km
bis 10 km
über 10 km

2,80
2,80
2,80
2,80
2,50
2,50
2,50
2,50
2,00

2,70
2,70
2,70
2,20
2,20
2,20
2,20
2,20
2,20

3,20
3,20
3,20
2,20
2,20
2,20
2,20
2,20
2,10

2,80
2,80
2,80
2,60
2,60
2,60
2,10
2,10
2,10

2,30
2,30
2,30
2,30
2,30
2,30
2,30
2,30
2,30

werktags
2,70
2,70
2,70
2,70
2,50
2,50
2,50
1,80
1,80

km Tarif nachts in Euro
bis 1 km
bis 2 km
bis 3 km
bis 4 km
bis 5 km
bis 7 km
bis 9 km
bis 10 km
über 10 km

2,90
2,90
2,90
2,90
2,60
2,60
2,60
2,60
2,10

2,90
2,90
2,90
2,40
2,40
2,40
2,40
2,40
2,40

3,30
3,30
3,30
2,50
2,50
2,50
2,50
2,50
2,20

2,80
2,80
2,80
2,60
2,60
2,60
2,10
2,10
2,10

2,30
2,30
2,30
2,30
2,30
2,30
2,30
2,30
2,30

2,60
2,60
2,60
2,60
2,40
2,40
2,40
1,70
1,70

2,60
2,60
2,60
2,60
2,60
2,60
2,40
2,40
2,40

4,30
2,50
2,50
2,50
2,50
2,00
2,00
2,00
2,00

2,40
2,40
2,40
2,40
2,40
2,40
2,40
2,40
2,40

Wartezeit/h in Euro

36,00

25,00 – 30,00

35,00

39,00

36,00

36,00

30,00

-

38,00

Kosten 5 km/Tag in Euro

18,20

16,50

18,00

17,90

16,80

18,30

17,90

18,80

16,00

Kosten 5 km/Nacht in Euro

18,70

17,50

18,90

17,90

16,80

16,70

17,90

18,80

16,00

Kosten 10 km/Tag in Euro

30,40

27,50

29,00

29,40

28,30

30,10

29,70

28,80

28,00

Kosten 10km/Nacht in
Euro

31,40

29,50

29,40

28,30

28,00

30,30

28,80

28,00

31,40

