Anlage 3 zur V2439/23
IST/ Prognose Fallzahlen 2023

Stand:

Jan 23
1)

§ 18
§ 20
§ 27
§ 28
§ 29
§ 30
§ 31
2)
§ 35 ambulant
Teilergebnis ambulante HzE
§ 32
Teilergebnis teilstationäre HzE
§ 19
§ 33
§ 34 Heim
§ 34 betreutes Einzelwohnen
2)
§ 35 stationär
Kostenerstattung
Teilergebnis stationäre HzE
§ 35a ambulant
§ 35a teilstationär
§ 35a stationär
§ 35a Kostenerstattung
Teilergebnis Eingliederungshilfe
Gesamtergebnis je Monat

8
0
10
21
1
289
746
0
1.075
45
45
63
355
590
6
2
135
1.151
220
3
106
5
334
2.605

Feb 23
9
1
11
22
1
291
754
0
1.089
48
48
64
363
580
6
2
135
1.150
225
3
107
5
340
2.627

Mrz 23
7
0
12
20
1
300
761
0
1.101
44
44
63
368
587
7
3
131
1.159
229
2
114
5
350
2.654

Apr 23
6
0
12
21
1
307
766
0
1.113
43
43
65
365
585
6
4
127
1.152
227
1
114
5
347
2.655

Mai 23
7
0
11
23
1
306
758
0
1.106
50
50
61
362
587
5
3
131
1.149
228
1
114
5
348
2.653

Jun 23
7
0
11
22
1
318
754
0
1.113
49
49
60
361
594
4
2
134
1.155
229
1
108
5
343
2.660

Jul 23
7
0
11
22
1
320
761
0
1.122
49
49
59
365
597
4
2
134
1.161
229
1
110
5
345
2.677

Aug 23
8
0
11
22
1
326
760
0
1.128
49
49
57
364
598
4
2
135
1.161
256
1
111
5
374
2.712

Sep 23
8
0
11
22
1
321
760
0
1.123
49
49
58
364
601
4
2
136
1.166
279
1
111
5
397
2.735

Okt 23
8
0
12
23
1
325
765
0
1.134
49
49
58
364
596
4
2
135
1.159
274
1
99
6
379
2.720

Nov 23
8
0
12
23
1
330
765
0
1.139
51
51
59
366
603
4
2
131
1.164
283
1
115
5
404
2.759

Dez 23
8
0
13
23
1
332
770
0
1.146
51
51
61
365
601
4
2
135
1.167
292
1
116
5
414
2.778

14.08.2023

Ø Fallzahl (Prognose)
Ø Fallzahl 01-07 (Ist)
7,56
7,29
0,08
0,14
11,49
11,14
21,88
21,57
1,05
1,00
313,74
304,43
759,96
757,14
0,00
0,00
1115,76
1102,71
48,11
46,86
48,11
46,86
60,66
62,14
363,55
362,71
593,28
588,57
4,83
5,43
2,25
2,57
133,26
132,43
1157,83
1153,86
247,61
226,71
1,39
1,71
110,45
110,43
5,07
5,00
364,51
343,86
2686,22
2647,29

