Anlage 1
Lage

Gemarkung

Flurstück

übertragene
Fläche
m²

Albert-Richter-Straße 1

Stiehlerstraße 2

Langebrück

Langebrück

1.600

7

810

6

830

4

880

6

1.290

4

1.870

9

1.148

4

801/k

Langebrück

801/g

Radeburger Landstraße 21

Gomlitz

67/f

Gomlitz

Gewerbeeinheiten

924

Stiehlerstraße 8

Radeburger Landstraße 51 - 53

Wohneinheiten

64/k

Gomlitz

64/l

Bautzner Landstraße 130

Bühlau

81

Oskar-Röder-Straße 8

Reick

143/15 TF

3

Anlagennummer

Buchwert
EUR

1200000323
2000001539
2000001520
2500000207
1200000311
2000001540
2000001512
2500000205
1200000310
2000001511
2500000206
1200000347
2000001494
2000001493
2500000190
1200000332
2000001495
2500000191
2000001584
2000001585
1200000333
2000001586
1200000121
2000002145
2500000565
1200000074

129.625,00
1,00
37.373,00
1,00
65.610,00
1,00
65.513,00
1,00
67.230,00
25.057,00
1,00
59.400,00
1,00
33.161,00
1,00
43.200,00
21.110,00
1,00
1,00
1,00
43.875,00
1,00
193.545,00
217.607,00
1,00
92.988,00

Verkehrswert
EUR

693.000,00

786.000,00

439.000,00

540.000,00

393.000,00

4.200.000,00
430.000,00

1

Anlage 1
Försterlingstraße 3 - 33

Niedersedlitz

222/3

Königstraße 27

Neustadt

121/d

Lohmener Straße 32 - 38

Oberpoyritz

256/2

Neukicher Straße 30 - 32

Obergraben 4

Bühlau

Bühlau
Neustadt

3.493

18

770

19

3.940

20

1.270

12

146

8

281 p

281 o
147

1

1200000033
2000001394
2000001395
2000001393
2500000211
1200000106
2500000265
2000000898
1200000109
2000001430
2500000103
2000001429
2500000104
1200002778
2000001341
2500000217
1200002781
1200000119
2000000903
2500000266

125.748,00
1,00
1,00
286.651,00
1,00
332.640,00
1,00
248.366,00
354.600,00
124.461,00
1,00
85.701,00
1,00
4.370,00
239.779,00
1,00
10.235,00
131.400,00
99.538,00
916,00
3.139.718,00

1.700.000,00

4.500.000,00

2.000.000,00

1.600.000,00

870.000,00

2

