Anlage 2
öffentlich

Übernachtungszahlen in Dresden im Dezember in den Jahren 2001 bis 2022
Monat
Jahr
2001
2002
2003
2004
2005
2006
2007
2008
2009
2010
2011
2012
2013
2014
2015
2016
2017
2018
2019
2020
2021
2022

Dezember
Ankünfte
Vgl VJ %
Übernachtungen
Vgl VJ %
96.794
-4,5
204.504
-2,2
79.295
-18,6
163.815
-20,1
103.201
30,4
209.856
28,3
117.444
13,8
240.578
14,6
135.304
15,2
282.126
17,3
139.253
2,9
292.622
3,7
127.051
-8,8
270.966
-7,4
135.614
6,7
279.894
3,3
152.768
12,6
309.314
10,5
158.931
4,0
319.196
3,3
180.842
13,8
355.365
11,3
199.835
10,5
410.783
15,6
210.095
5,1
415.281
1,1
224.065
6,6
448.185
7,9
210.924
-5,9
426.635
-4,8
216.339
2,6
425.826
-0,2
224.172
3,6
453.808
6,6
222.993
-0,5
460.583
1,5
246.289
10,4
491.467
6,7
Pandemiebedingtes touristisches Übernachtungsverbot
Pandemiebedingtes touristisches Übernachtungsverbot
209.143
412.631
Quelle: Dresden Marketing GmbH

