Anlage 1

Veränderung der Auszahlungsansätze im Finanzplan 2011 infolge Mehreinzahlungen und Einzelveranschlagung

Änderung Finanzplan 2011 (Werte in EUR)
Nr.

Bezeichnung

PSP-Elemente
zu TI-Projekt

Sachkonto

2.1

GP_HW02_Gompitzer Straße, 5. BA

TI.12402.A66.V
TI.12402.A66.G
TI.12402.A66.B
Summe Ausgaben
TI.12402.E66.705

78520000
78210000
78520000

2.2

B 6 - Bautzner Str. (Hoyersw.-M.-Luther-Str.)

TI.22011.A66.V
TI.22011.A66.G
TI.22011.A66.B
Summe Ausgaben
TI.22011.E66.705

78520000
78210000
78520000

68110000

68110000

2.3

Fetscherstraße, 1. BA

TI.22110.A66.V
TI.22110.A66.G
TI.22110.A66.B
Summe Ausgaben
TI.22110.E66.705

78520000
78210000
78520000

2.4

Käthe- Kollwitz- Platz

TI.24110.A66.V
TI.24110.A66.G
TI.24110.A66.B
Summe Ausgaben
TI.24110.E66.705

78520000
78210000
78520000

2.5

Molenbrücke Moritzburger Str./Pieschener

TI.30109.A66.V
TI.30109.A66.G
TI.30109.A66.B
Summe Ausgaben
TI.30109.E66.705

78520000
78210000
78520000

2.6

SP_G-Ingenieurbauwerke

TI.30111.A66.V
TI.30111.A66.G
TI.30111.A66.B
Summe Ausgaben
TI.30111.E66.705

78520000
78210000
78520000

68110000

68110000

68110000

68110000

Einzahlungen
2011
Plan alt

0,00

0,00

0,00

0,00

0,00

845.000,00

Einzahlungen
2011
Änderung

543.000,00

0,00

350.000,00

200.000,00

205.000,00

0,00

Einzahlungen
2011
Plan neu

Auszahlungen
2011
Plan alt

Auszahlungen Auszahlungen
2011
2011
HAR + Üpl/Apl
Änderung

Auszahlungen
2011
Plan neu

Zuschuss
2011
neu

0,00
0,00
0,00
0,00

145.032,52
110.000,00
845.173,95
1.100.206,47

0,00
0,00
543.000,00
543.000,00

145.032,52
110.000,00
1.388.173,95
1.643.206,47

145.032,52
110.000,00
1.388.173,95
1.100.206,47

0,00
0,00
0,00
0,00

0,00
0,00
0,00
0,00

131.000,00
0,00
119.000,00
250.000,00

131.000,00
0,00
119.000,00
250.000,00

131.000,00
0,00
119.000,00
250.000,00

0,00
0,00
0,00
0,00

6.721,48
0,00
1.700.000,00
1.706.721,48

0,00
0,00
350.000,00
350.000,00

6.721,48
0,00
2.050.000,00
2.056.721,48

6.721,48
0,00
2.050.000,00
1.706.721,48

0,00
0,00
0,00
0,00

24.545,27
9.000,00
428.844,64
462.389,91

0,00
0,00
200.000,00
200.000,00

24.545,27
9.000,00
628.844,64
662.389,91

24.545,27
9.000,00
628.844,64
462.389,91

0,00
0,00
0,00
0,00

2.379,38
0,00
262.159,19
264.538,57

0,00
0,00
205.000,00
205.000,00

2.379,38
0,00
467.159,19
469.538,57

2.379,38
0,00
467.159,19
264.538,57

117.000,00
0,00
1.280.000,00
1.397.000,00

119.906,65
0,00
545.758,31
665.664,96

0,00
0,00
-180.000,00
-180.000,00

236.906,65
0,00
1.645.758,31
1.882.664,96

236.906,65
0,00
1.645.758,31
1.037.664,96

0,00
0,00
0,00
0,00

0,00
0,00
388.154,96
388.154,96

0,00
0,00
180.000,00
180.000,00

0,00
0,00
568.154,96
568.154,96

0,00
0,00
568.154,96
568.154,96

275.000,00
0,00
1.476.000,00
1.751.000,00

61.145,81
66.992,71
-157.628,32
-29.489,80

-85.000,00
0,00
-266.296,00
-351.296,00

251.145,81
66.992,71
1.052.075,68
1.370.214,20

251.145,81
66.992,71
1.052.075,68
1.370.214,20

54.000,00
0,00
280.000,00
334.000,00

15.396,95
169.829,89
447.819,61
633.046,45

-40.000,00
0,00
-210.000,00
-250.000,00

29.396,95
169.829,89
517.819,61
717.046,45

29.396,95
169.829,89
517.819,61
682.046,45

543.000,00

0,00

350.000,00

200.000,00

205.000,00

845.000,00

2.7

B173-Brücke Budapester Straße, Zug a

TI.31609.A66.V
TI.31609.A66.G
TI.31609.A66.B
Summe Ausgaben
TI.31609.E66.705

78520000
78210000
78520000

2.8

SP_G-Einzelmaßnahmen Straße

TI.40111.A66.V
TI.40111.A66.G
TI.40111.A66.B
Summe Ausgaben
TI.40111.E66.705

78520000
78210000
78520000

2.9

SP_B-Einzelmaßnahmen Straße

TI.40411.A66.V
TI.40411.A66.G
TI.40411.A66.B
Summe Ausgaben
TI.40411.E66.705

78520000
78210000
78520000

TI.41110.A66.V

78520000

20.000,00

45.008,61

15.000,00

80.008,61

80.008,61

TI.41110.A66.G
TI.41110.A66.B
Summe Ausgaben
TI.41110.E66.705

78210000
78520000

0,00
1.400.000,00
1.420.000,00

0,00
209.000,00
254.008,61

0,00
100.000,00
115.000,00

0,00
1.709.000,00
1.789.008,61

0,00
1.709.000,00
1.069.008,61

TI.41310.A66.V

78520000

35.000,00

4.928,08

15.000,00

54.928,08

54.928,08

TI.41310.A66.G
TI.41310.A66.B
Summe Ausgaben
TI.41310.E66.705

78210000
78520000

5.000,00
2.380.000,00
2.420.000,00

0,00
55.000,00
59.928,08

0,00
-170.000,00
-155.000,00

5.000,00
2.265.000,00
2.324.928,08

5.000,00
2.265.000,00
1.429.928,08

TI.41610.A66.V

78520000

0,00

0,00

0,00

0,00

0,00

TI.41610.A66.G
TI.41610.A66.B
Summe Ausgaben
TI.41610.E66.705

78210000
78520000

0,00
0,00
0,00

0,00
747.576,41
747.576,41

0,00
0,00
0,00

0,00
747.576,41
747.576,41

0,00
747.576,41
372.576,41

78520000

0,00

43.144,83

22.000,00

65.144,83

65.144,83

78210000
78520000

0,00
0,00
0,00

0,00
1.440.500,00
1.483.644,83

0,00
170.000,00
192.000,00

0,00
1.610.500,00
1.675.644,83

0,00
1.610.500,00
1.483.644,83

2.10 Tiergartenstr. 2./ 3. BA

2.11 Altenberger Straße/ Oehmestr

2.12 SW_K 6212 - Bühlauer Straße, 1. BA

2.13 Winterschadensbeseitigung 2010
TI.41810.A66.V
TI.41810.A66.G
TI.41810.A66.B
Summe Ausgaben
TI.41810.E66.705
2.14 SW_K 6206 - Hauptstraße, 1. BA

2.17 SP_G-Radwegenetz

2.18 SP_S-Radwegenetz

2.19 SP_B-Radwegenetz

Gesamt

68110000

68110000

68110000

68110000

68110000

68110000

0,00

0,00

35.000,00

545.000,00

1.110.000,00

0,00

0,00

0,00

0,00

175.000,00

-215.000,00

375.000,00

192.000,00

0,00

0,00

35.000,00

720.000,00

895.000,00

375.000,00

192.000,00

78520000

0,00

14.558,62

0,00

14.558,62

14.558,62

TI.41910.A66.G
TI.41910.A66.B
Summe Ausgaben
TI.41910.E66.705

78210000
78520000

0,00
0,00
0,00

0,00
317.892,37
332.450,99

0,00
0,00
0,00

0,00
317.892,37
332.450,99

0,00
317.892,37
212.450,99

78520000

0,00

0,00

85.000,00

85.000,00

85.000,00

78210000
78520000

0,00
0,00
0,00

0,00
0,00
0,00

0,00
810.840,00
895.840,00

0,00
810.840,00
895.840,00

0,00
810.840,00
351.296,00

68110000

0,00

120.000,00

120.000,00

TI.42311.A66.V
TI.42311.A66.G
TI.42311.A66.B
Summe Ausgaben
TI.42311.E66.705

68110000

TI.42610.A66.V

78520000

0,00

33.133,52

0,00

33.133,52

33.133,52

TI.42610.A66.G
TI.42610.A66.B
Summe Ausgaben
TI.42610.E66.705

78210000
78520000

0,00
0,00
0,00

0,00
77.593,62
110.727,14

0,00
495.000,00
495.000,00

0,00
572.593,62
605.727,14

0,00
572.593,62
605.727,14

TI.50111.A66.V

78520000

105.000,00

-11.367,14

0,00

93.632,86

93.632,86

TI.50111.A66.G
TI.50111.A66.B
Summe Ausgaben
TI.50111.E66.705

78210000
78520000

5.000,00
670.000,00
780.000,00

39.202,69
47.865,92
75.701,47

0,00
-420.000,00
-420.000,00

44.202,69
297.865,92
435.701,47

44.202,69
297.865,92
285.701,47

TI.50311.A66.V

78520000

0,00

25.000,00

0,00

25.000,00

25.000,00

TI.50311.A66.G
TI.50311.A66.B
Summe Ausgaben
TI.50311.E66.705

78210000
78520000

0,00
0,00
0,00

0,00
18.149,76
43.149,76

0,00
250.000,00
250.000,00

0,00
268.149,76
293.149,76

0,00
268.149,76
293.149,76

TI.50411.A66.V

78520000

26.000,00

21.503,54

0,00

47.503,54

47.503,54

TI.50411.A66.G
TI.50411.A66.B
Summe Ausgaben
TI.50411.E66.705

78210000
78520000

5.000,00
260.000,00
291.000,00

0,00
443.623,50
465.127,04

0,00
170.000,00
170.000,00

5.000,00
873.623,50
926.127,04

5.000,00
873.623,50
793.127,04

8.393.000,00

8.763.547,33

2.489.544,00

19.646.091,33

14.338.547,33

68110000

68110000

68110000

68110000

0,00

0,00

150.000,00

0,00

544.544,00

0,00

0,00

0,00

544.544,00

0,00

150.000,00

0,00

133.000,00

0,00

133.000,00

2.818.000,00

2.489.544,00

5.307.544,00

Eigenmittel (alt)

14.338.547,33

Eigenmittel (neu)

14.338.547,33

Eigenmittelabweichung

0,00

TI.41910.A66.V

2.15 SW_SP_Sommerhochwasser 2010

2.16 SW_Bergstraße

68110000

0,00

Stand Üpl/Apl: 12.07.2011

