Anlage 5

Wirtschaftlichkeitsbetrachtung PV-Anlage Neues Rathaus Dresden

Landeshauptstadt Dresden
65 - Amt für Hochbau und Immobilienverwaltung
Leistung PV-Anlage
Stromerzeugung PVA
Verbrauch Rathaus
Einspeisung
Eigenverbrauch
Arbeitspreis, Stand 10/2023
jährliche Einsparung
Einspeisevergütung
Einspeisevergütung
Betriebskosten plus Kosten Direktvermarktung
Strompreissteigerung
Einsparung in EUR/a
Einspeisevergütung
in EUR/a
Erzeugung in kWh/a Invest in EUR nicht bezogener Strom
1
232.000
-1.300.000
63.669
111
2
231.304
64.113
111
3
230.610
64.553
111
4
229.918
64.991
110
5
229.229
65.425
110
6
228.541
65.856
110
7
227.855
66.284
109
8
227.172
66.708
109
9
226.490
67.130
109
10
225.811
67.548
108
11
225.133
67.963
108
12
224.458
68.375
108
13
223.784
68.784
107
14
223.113
69.190
107
15
222.444
69.593
107
16
221.776
69.993
106
17
221.111
70.390
106
18
220.448
70.784
106
19
219.786
71.174
105
20
219.127
71.562
105
21
218.470
71.947
105
22
217.814
72.329
104
23
217.161
72.708
104
24
216.509
73.084
104
25
215.860
73.457
103
26
215.212
73.827
103
27
214.567
74.195
103
28
213.923
74.559
103
29
213.281
74.921
102
30
212.641
75.280
102
Summen
6.665.548
2.090.392
3.194

Betriebskosten
in EUR/a
-3.138
-3.138
-3.138
-3.138
-3.138
-3.138
-3.138
-3.138
-3.138
-3.138
-3.138
-3.138
-3.138
-3.138
-3.138
-3.138
-3.138
-3.138
-3.138
-3.138
-3.138
-3.138
-3.138
-3.138
-3.138
-3.138
-3.138
-3.138
-3.138
-3.138
-94.140

Jahr

303 kWp
232.000 kWh/a
1.584.784 kWh/a
2.158 kWh/a
99,3%
0,2765 €/kWh
63.669 €/a
0,064 €/kWh
111 €/a
-3.138 €/a
1,0% %/a

Summe in EUR/a
-1.239.358
61.086
61.526
61.963
62.397
62.827
63.255
63.679
64.100
64.518
64.933
65.345
65.753
66.159
66.562
66.961
67.358
67.751
68.142
68.529
68.914
69.295
69.674
70.050
70.423
70.793
71.160
71.524
71.885
72.244
699.446

1.999.446

Summe in EUR
kumuliert
Preissteigerung
-1.239.358
1,00
-1.178.272
1,01
-1.116.746
1,02
-1.054.783
1,03
-992.386
1,04
-929.559
1,05
-866.304
1,06
-802.625
1,07
-738.525
1,08
-674.007
1,09
-609.074
1,10
-543.729
1,11
-477.976
1,12
-411.817
1,13
-345.255
1,14
-278.294
1,15
-210.936
1,16
-143.185
1,17
-75.044
1,18
-6.514
1,19
62.399
1,20
131.695
1,21
201.369
1,22
271.419
1,23
341.841
1,24
412.634
1,25
483.794
1,26
555.317
1,27
627.202
1,28
699.446
1,29
699.446
Amortisation nach dem
20 a inkl.
Bauertüchtigung

Wirtschaftlichkeitsbetrachtung
PV-Anlage Neues Rathaus Dresden
Kumulierte Ein- und Auszahlungen in EUR

1.000.000

500.000

0

1

2

3

4

5

6

7

8

9

10

11

12

13

14

15

16

-500.000

-1.000.000

-1.500.000

Jahre

17

18

19

20

21

22

23

24

25

26

27

28

29

30

