Anlage 2 Saalplan NEU

BÜHNE
EINGANG
PARKETT
LINKS

1

EINGANG

26
PARKETT
5
1
1
3
1 2
4 2
5
2
1
1
RECHTS
4
4
1
3
29
3 4 5
2
13
2
12
5
8
11
2
6 7 8 9 10
2
2
3
7
2
2
1
2
2
4
3
6 7
26
21
2
5
31
25
8 9 10
19 20
3
6
24
30
11 12 13 14 15 16 17 18
4
9
3
3
2
1
5
33
28
7 8
2
23
6
32
27
9 10 11
21 22
7
3
6
1
20
2
3
19
12
13 14 15 16 17 18
4
4
4
30
1
5
34
29
8 9
2
6
28
24 25
33
10 11
3
7
2
3
7
2
22
12 13 14 15
32
21
20
4
19
18
16
1
17
5
5
3
1
5
35
30
8 9
6
26
2
29
34
10 11
7
24 25
3
28
3
23
12
3
22
13
14 15 16 17 18 19 20 21
4
6
2
6
5
1
1 3
8 9
36
27
6
0 3
2
10 11
35
7
25 26
9 3
2
4
3
2
12 13 14
4
3
7
15 16 17 18 19 20 21 22 23
4
7
33
5
1
8 9
32
37
6
2
27 28
31
10 11
36
7
25 26
30
3
12 13 14
5
24
23
15 16 17 18 19 20 21 22
8
4
8
4 3
3
5
8 9
33
29
1
6
36
32
10 11
27 28
7
2
31
12 13 14
35
25 26
24
3
23
9
9
15
22
34
16
17 18 19 20 21
4
3
3
8 9
5
32
29 30
1
10 11
6
37
31
27 28
2
12 13 14
7
30
36
15 16 17 18 19 20 21 22 23 24 25 26
3
35
10
10
4
4
3
8 9
5
3
28 29
6
1
10 11
2 3
8
26 27
7
12 13 14
2
31 3
7 2
15 16 17 18 19 20 21 22 23 24 25
3
11
11
6 2
4
5 2
8 9
2
0
3
5
4
29
10 11
6
3 2
1
27 28
12 13 14
20
7
22 2
2
15 16 17 18 19 20 21 22 23 24 25 26
19
3
12
12
18
4
7
8 9
1
1
2
5 6
6
20
10 11
5 1
18 19
12 13 14
1
5
7
14 1
15 16 17
2
4 3
13
13
3
3 3
4
2 3
13
3
2
1
5 6
1
11
0 3
8 9 10
1
7
30
29 3
2
14
14
29
3
8 9
28
28
7
2
4
10 11 12
6
7
5
13 14 15 16 17 18 19 20 21 22 23 24 25 2
26 2

2

TONPULT

15

16

EINGA
NG H
OCHP
ARKE
TT LIN
KS
1

6

7

1

8
2

9 10 11 12
13 14

3

4

5

6

7

22
15 16 17 18 19 20 21
9 10 11 12 13 14 15 16

8

5
23 24 2

17 18 19

15

16

S
ECHT
ETT R
K
R
A
P
HOCH
ANG
EING

8
7 3
6 3
3
35
1
5
9
34
6
2
8 3
7 8
2 33
3
7 3
3
31 3
4
36
17
17
5
35
9 10
6
34
1
29 30
7 8
11 12
38
33
27 28
2
13 14 15
2
26
3
37
25
16 17 18 19 20 21 22 23 24
3
18
18
36
4
5
3
9
5
31
4
10 11
1
6
3 3
29 30
12 13 14
7
2
32 3
38
15 16 17 18 19 20 21 22 23 24 25 26 27 28
3
19
19
37
4
36
8 9
5
1
3
5
3
30
10 11
6 7
4
28 29
12 13 14
33 3
1
36
15 16 17 18 19 20 21 22 23 24 25 26 27
2
20
20
35
3
34
8
2
3
9 10
4
1
3
3
3
0
3
11 12 13
5
32
27 28 29
14 15 16 17
21
21
18 19 20 21 22 23 24 25 26
6 7
1
2
3
3
0
3
8 9
28 29
10 11 12
13 14 15 16 17 18 19 20 21 22 23 24 25 26 27

2

3

4

EING
RANG ANG
LINKS

22
23

1

1
2

2
3

3
4

4

5

5

6

6
7

7
8

8

9 10 11 12 13

15
9 10 11 12 13 14

22
16

23

RANG
ANG
EING S
T
RECH

