Landeshauptstadt Dresden
Stabsstelle für Klimaschutz und Klimawandelanpassung

Perspektiven für ein
klimaneutrales Dresden
Integriertes Energie- und Klimaschutzkonzept
Band III: Anlagenteil

Inhalt
Anlage 1 -

Aufbau des Reduktionspfadrechners

3

Anlage 2 -

Auszug der Tabellen des Reduktionspfadrechners (Screenshot)

4

Anlage 3 -

Maßnahmenübersicht der Maßnahmen des IEK (Maßnahmenportfolio)

7

2

Anlage 1 - Aufbau des Reduktionspfadrechners

Anlage 2 - Auszug der Tabellen des Reduktionspfadrechners (Screenshot)
Gesamtauswertung der resultierenden Energieverbräuche und THG-Emissionen (jährlich)
Erläuterungen

Strommix

Verlauf des Energieangebots (Strom) in MWh/a
2018
Strom aus W
Red_EltMix_WEA
0
Strom
6.143
Überschus WG_Red_EltMix_PVDa
Strom
6.143
Überschus NWG_Red_EltMix_PVD
Strom
11.527
Überschus WG_ELT_PVWG_ELT_PV
Strom
11.527
Überschus NWG_ELT_PV_eig
Strom
Red_EltMix_PVFrei
0
Bilanzielle
ELT
2.509.572
Lokaler
f_THG_ELT_
0,537
Bundesstr
0,544
Summe
35,340

2019

2020

2021

2022

2023

2024

2025

2026

2027

2028

2029

2030

2031

2032

2033

2034

2035

2036

2037

2038

2039

2040

2041

2042

2043

2044

2045

0

0

0

0

0

0

0

0

0

27.953

28.139

73.606

133.979

179.259

224.539

269.819

315.100

315.100

315.100

315.100

315.100

315.100

315.100

315.100

315.100

315.100

315.100

6.655

7.167

7.678

15.102

22.525

29.949

37.372

44.796

52.219

59.643

67.066

74.489

82.802

91.115

99.427

107.740

116.053

116.053

116.053

116.053

116.053

116.053

116.053

116.053

116.053

116.053

116.053

6.655

7.167

7.678

15.533

23.388

31.242

39.097

46.952

54.806

62.661

70.516

78.370

90.810

103.249

115.688

128.128

140.567

140.567

140.567

140.567

140.567

140.567

140.567

140.567

140.567

140.567

140.567

12.488

13.448

14.409

27.766

41.123

54.480

67.838

81.195

94.552

107.909

121.266

134.623

148.956

163.290

177.623

191.956

206.289

206.289

206.289

206.289

206.289

206.289

206.289

206.289

206.289

206.289

206.289

12.488
0
2.553.373
0,507
0,515
38,285

13.448
0
2.597.174
0,478
0,485
41,230

14.409
0
2.640.975
0,465
0,472
44,175

28.545
0
2.677.319
0,421
0,434
86,947

42.682
0
2.713.664
0,380
0,397
129,718

56.818
0
2.750.009
0,339
0,359
172,490

70.955
21.268
2.765.085
0,298
0,322
236,529

85.091
42.536
2.780.162
0,259
0,284
300,569

99.227
63.804
2.795.239
0,221
0,247
364,608

113.364
85.072
2.782.362
0,183
0,209
456,601

127.500
129.880
2.773.712
0,147
0,172
544,367

141.637
184.687
2.709.783
0,111
0,134
687,412

163.282
229.496
2.558.951
0,100
0,126
849,325

184.928
274.304
2.423.211
0,090
0,118
996,144

206.574
319.112
2.287.472
0,080
0,110
1142,964

228.219
363.920
2.151.732
0,071
0,102
1289,783

249.865
408.728
2.015.993
0,063
0,094
1436,602

249.865
408.728
2.003.492
0,058
0,086
1436,602

249.865
408.728
1.990.991
0,053
0,078
1436,602

249.865
408.728
1.978.490
0,048
0,071
1436,602

249.865
408.728
1.965.989
0,043
0,063
1436,602

249.865
408.728
1.953.488
0,038
0,055
1436,602

249.865
408.728
1.928.715
0,033
0,047
1436,602

249.865
408.728
1.903.941
0,028
0,039
1436,602

249.865
408.728
1.879.167
0,023
0,031
1436,602

249.865
408.728
1.854.394
0,018
0,023
1436,602

249.865
408.728
1.829.620
0,013
0,015
1436,602

Verkehr

Industrielle Prozesse /
Industrie

Nichtwohngebäude

Wohngebäude/Private
Haushalte

Verlauf der Endenergiebedarfe je Sektor und Energieträger in MWh/a

4

WG_BioM PHH_BioM BioM
WG_ST
PHH_ST
ST
UmwW
WG_UmwWPHH_UmwW
WG_ELT_o PHH_ELT_oELT
WG_ELT_H PHH_ELT_HELT
WG_EG
PHH_EG EG
WG_FW PHH_FW FW
WG_SonFo PHH_SonFoSonFoss
WG_H2
PHH_H2 H2
NWG_BioMGHD_BioM BioM
NWG_ST GHD_ST ST
UmwW
NWG_UmwGHD_UmwW
NWG_ELT_ GHD_ELT_oELT
NWG_ELT_ GHD_ELT_HELT
NWG_EG GHD_EG EG
NWG_FW GHD_FW FW
NWG_SonFGHD_SonFoSonFoss
NWG_H2 GHD_H2 H2
IndProz_BioIND_BioM BioM
ST
IndProz_ST IND_ST
IndProz_UmIND_UmwWUmwW
IndProz_EL IND_ELT ELT
IndProz_EGIND_EG
EG
IndProz_FWIND_FW FW
IndProz_So IND_SonFo SonFoss
H2
IndProz_H2IND_H2
BEN_Ges BEN_Ges BEN
DIE_Ges DIE_Ges DIE
SKrSt_Ges SKrSt_Ges SKrSt
MOBI_ELT MOBI_ELT ELT
MOBI_H2 MOBI_H2 H2

2018

2019

2020

2021

2022

2023

2024

2025

2026

2027

2028

2029

2030

2031

2032

2033

2034

2035

2036

2037

2038

2039

2040

2041

2042

2043

2044

2045

73.187
11.754
38.156
521.673
20.847
1.577.103
945.333
175.888
0
33.640
2.972
5.160
516.570
2.522
708.069
488.022
68.944
0
0
0
0
1.483.300
1.819.365
407.150
100.947
0
2.539.000
0
0
0
0

65.757
11.754
43.607
558.405
23.825
1.591.826
1.023.221
148.613
0
30.147
2.972
5.897
547.013
2.882
708.069
488.022
68.944
0
0
0
0
1.459.532
1.693.468
376.100
100.947
0
2.539.000
0
0
0
0

58.327
11.754
49.058
595.137
26.803
1.606.550
1.101.109
121.338
0
26.654
2.972
6.634
577.457
3.243
708.069
488.022
68.944
0
0
0
0
1.435.764
1.567.571
345.050
100.947
0
2.539.000
0
0
0
0

50.897
11.754
54.508
631.869
29.781
1.621.273
1.178.998
94.063
0
23.160
2.972
7.371
607.901
3.603
708.069
488.022
68.944
0
0
0
0
1.411.996
1.441.674
314.000
100.947
0
2.539.000
0
0
0
0

50.668
11.754
91.568
631.869
50.801
1.535.942
1.189.259
89.113
0
28.255
2.972
20.138
607.910
9.855
670.802
487.750
65.315
0
0
0
0
1.463.832
1.420.030
309.451
100.947
0
2.456.483
0
0
0
0

50.439
11.754
128.627
631.869
71.820
1.450.612
1.199.521
84.162
0
33.351
2.972
32.905
607.919
16.107
633.535
487.478
61.687
0
0
0
0
1.515.667
1.398.385
304.903
100.947
0
2.373.965
0
0
0
0

50.211
11.754
165.687
631.869
92.839
1.365.282
1.209.782
79.211
0
38.446
2.972
45.672
607.929
22.359
596.269
487.205
58.058
0
0
0
0
1.567.503
1.376.741
300.354
100.947
0
2.291.448
0
0
0
0

49.982
11.754
202.746
631.869
113.859
1.279.952
1.220.044
74.261
0
43.541
2.972
58.439
607.938
28.611
559.002
486.933
54.430
0
0
0
0
1.619.338
1.355.097
295.805
100.947
0
2.208.930
0
0
0
0

49.753
11.754
239.806
631.869
134.878
1.194.622
1.230.305
69.310
0
48.636
2.972
71.206
607.947
34.863
521.735
486.661
50.801
0
0
0
0
1.671.174
1.333.452
291.257
100.947
0
1.970.264
0
0
0
0

49.525
11.754
276.866
631.869
155.898
1.109.292
1.240.566
64.359
0
53.731
2.972
83.973
607.956
41.115
484.468
486.388
47.172
0
0
0
0
1.723.009
1.311.808
286.708
100.947
0
1.731.598
0
0
0
0

49.296
11.754
313.925
631.869
176.917
1.023.962
1.250.828
59.408
0
58.827
2.972
96.740
607.966
47.367
447.202
486.116
43.544
0
0
0
0
1.774.845
1.290.164
282.160
100.947
0
1.492.932
0
0
0
0

49.068
11.754
350.985
631.869
197.936
938.631
1.261.089
54.458
0
63.922
2.972
109.507
607.975
53.619
409.935
485.844
39.915
0
0
0
0
1.826.681
1.268.519
277.611
100.947
0
1.254.266
0
0
0
0

48.839
11.754
388.044
631.869
218.956
853.301
1.271.351
49.507
0
69.017
2.972
122.274
607.984
59.871
372.668
485.572
36.286
0
0
0
0
1.878.516
1.246.875
273.062
100.947
0
1.015.600
0
0
0
0

48.502
11.754
442.658
631.869
249.932
727.552
1.286.473
42.211
0
79.686
2.972
141.088
607.984
69.084
317.748
485.170
30.939
0
0
0
0
1.849.406
1.227.553
278.557
100.947
0
914.040
0
0
0
0

48.166
11.754
497.272
631.869
280.908
601.802
1.301.595
34.915
0
90.355
2.972
159.903
607.985
78.298
262.829
484.769
25.591
0
0
0
0
1.820.297
1.208.232
284.052
100.947
0
812.480
0
0
0
0

47.829
11.754
551.886
631.869
311.884
476.052
1.316.717
27.620
0
101.024
2.972
178.717
607.985
87.511
207.909
484.368
20.244
0
0
0
0
1.791.187
1.188.910
289.547
100.947
0
710.920
0
0
0
0

47.492
11.754
606.500
631.869
342.860
350.303
1.331.839
20.324
0
111.693
2.972
197.532
607.985
96.725
152.990
483.966
14.897
0
0
0
0
1.762.077
1.169.588
295.042
100.947
0
609.360
0
0
0
0

47.156
11.754
661.114
631.869
373.836
224.553
1.346.961
13.028
0
122.362
2.972
216.346
607.985
105.938
98.071
483.565
9.549
0
0
0
0
1.732.968
1.150.266
300.537
100.947
0
507.800
0
0
0
0

46.364
11.754
680.619
631.869
384.898
179.642
1.352.362
10.423
0
123.929
2.972
223.065
607.985
109.229
78.456
483.422
7.639
0
0
0
0
1.706.113
920.213
302.631
100.947
212.229
457.020
0
0
0
0

45.573
11.754
700.124
631.869
395.961
134.732
1.357.763
7.817
0
125.496
2.972
229.785
607.985
112.519
58.842
483.278
5.729
0
0
0
0
1.679.259
690.160
304.724
100.947
424.457
406.240
0
0
0
0

44.781
11.754
719.629
631.869
407.024
89.821
1.363.163
5.211
0
127.063
2.972
236.504
607.985
115.810
39.228
483.135
3.820
0
0
0
0
1.652.405
460.107
306.818
100.947
636.686
355.460
0
0
0
0

43.990
11.754
739.134
631.869
418.087
44.911
1.368.564
2.606
0
128.630
2.972
243.224
607.985
119.100
19.614
482.992
1.910
0
0
0
0
1.625.550
230.053
308.912
100.947
848.914
304.680
0
0
0
0

43.198
11.754
758.639
631.869
429.150
0
1.373.965
0
0
130.198
2.972
249.943
607.985
122.391
0
482.849
0
0
0
0
0
1.598.696
0
311.005
100.947
1.061.143
253.900
0
0
0
0

43.198
11.754
758.639
631.869
429.150
0
1.373.965
0
0
130.198
2.972
249.943
607.985
122.391
0
482.849
0
0
0
0
0
1.573.922
0
310.939
100.947
1.044.699
228.510
0
0
0
0

43.198
11.754
758.639
631.869
429.150
0
1.373.965
0
0
130.198
2.972
249.943
607.985
122.391
0
482.849
0
0
0
0
0
1.549.149
0
310.872
100.947
1.028.256
203.120
0
0
0
0

43.198
11.754
758.639
631.869
429.150
0
1.373.965
0
0
130.198
2.972
249.943
607.985
122.391
0
482.849
0
0
0
0
0
1.524.375
0
310.805
100.947
1.011.812
177.730
0
0
0
0

43.198
11.754
758.639
631.869
429.150
0
1.373.965
0
0
130.198
2.972
249.943
607.985
122.391
0
482.849
0
0
0
0
0
1.499.602
0
310.738
100.947
995.369
152.340
0
0
0
0

43.198
11.754
758.639
631.869
429.150
0
1.373.965
0
0
130.198
2.972
249.943
607.985
122.391
0
482.849
0
0
0
0
0
1.474.828
0
310.671
100.947
978.925
126.950
0
0
0
0

Gesamtauswertung der resultierenden Energieverbräuche und THG-Emissionen (jährlich)
Erläuterungen

Verlauf der Treibhausgasemissionen je Sektor und Energieträger in tCO2,äq

Verkehr

Industrielle Prozesse /
Industrie

Nichtwohngebäude

Wohngebäude/Private
Haushalte

Berechnet Nicht-BISKO (mit lokalem Strommix)
2022
2023
2024
2025
2026
2027
2028
2029
2030
2031
2032
2033
2034
2035
2036
2037
2038
2020
2021
2019
2018
1.089,85
1.061,60
1.033,56
1.005,73
978,12
950,72
923,53
896,55
867,85
839,47
811,39
783,63
756,18
721,96
688,48
655,73
1.118,31
1.341,51
1.146,99
WG_BioM PHH_BioM f_THG_BioM 1.667,65
1.505,37
WG_ST
PHH_ST
f_THG_ST
293,85
286,01
278,18
270,34
265,20
260,06
254,91
249,77
244,63
239,49
234,34
229,20
224,06
218,92
213,77
208,63
203,49
198,35
193,21
188,06
182,92
1.472,77
1.764,65
2.042,79
2.307,21
2.557,91
2.794,88
3.018,12
3.360,92
3.683,50
3.985,85
4.267,97
4.529,86
4.537,46
4.537,84
4.531,00
847,85
1.167,17
514,80
427,99
472,41
WG_UmwWPHH_UmwW
f_THG_Umw 381,56
WG_ELT_o PHH_ELT_of_THG_ELT_ 279.950,25 283.185,39 284.294,68 293.537,85 266.259,07 239.881,50 214.331,96 188.328,18 163.405,26 139.482,01 115.422,33 92.930,59 70.385,56 63.183,93 56.718,68 50.646,64 44.964,02 39.667,05 36.460,49 33.267,10 30.087,03
WG_ELT_H PHH_ELT_Hf_THG_ELT_ 11.187,22 12.082,41 12.803,73 13.835,01 21.406,53 27.265,61 31.491,43 33.935,56 34.880,35 34.413,65 32.317,11 29.111,02 24.390,07 24.992,01 25.215,23 24.998,64 24.398,02 23.468,41 22.209,65 20.846,86 19.380,84
WG_EG
PHH_EG f_THG_EG 389.544,55 398.411,43 407.375,06 416.435,44 399.564,45 382.132,72 364.140,26 345.587,05 316.813,73 288.859,57 261.724,59 235.408,78 209.912,13 178.977,71 148.043,29 117.108,87 86.174,45 55.240,03 44.192,03 33.144,02 22.096,01
WG_FW PHH_FW f_THG_FW 151.253,21 161.996,55 172.478,22 182.698,22 188.314,65 194.155,72 200.068,92 206.054,26 191.298,77 176.268,23 160.962,64 145.382,00 129.526,32 123.393,60 117.080,49 110.586,97 103.913,07 97.058,76 83.549,34 69.928,91 56.197,47
8.783,07
6.463,01
4.142,96
3.314,36
2.485,77
1.657,18
WG_SonFo PHH_SonFof_THG_Son 55.932,23 47.258,86 38.585,50 29.912,14 28.337,81 26.763,49 25.189,17 23.614,84 22.040,52 20.466,20 18.891,88 17.317,55 15.743,23 13.423,17 11.103,12
WG_H2
PHH_H2 f_THG_H2
0,00
0,00
0,00
0,00
0,00
0,00
0,00
0,00
0,00
0,00
0,00
0,00
0,00
0,00
0,00
0,00
0,00
0,00
0,00
0,00
0,00
812,86
900,37
983,15
1.061,20
1.134,52
1.203,11
1.266,96
1.425,82
1.574,77
1.713,81
1.842,95
1.962,18
1.929,77
1.895,91
1.860,59
720,61
521,93
623,64
690,16
613,03
NWG_BioMGHD_BioM f_THG_BioM 766,54
74,31
72,33
70,34
68,36
67,06
65,76
64,46
63,16
61,86
60,56
59,26
57,96
56,66
55,36
54,06
52,76
51,46
50,16
48,86
47,56
46,26
NWG_ST GHD_ST f_THG_ST
298,58
405,98
508,64
606,57
699,78
788,25
872,00
951,02
1.071,23
1.184,46
1.290,74
1.390,04
1.482,37
1.487,10
1.489,35
1.489,10
186,47
63,89
69,62
NWG_UmwGHD_Umw f_THG_Umw
51,60
57,88
NWG_ELT_ GHD_ELT_of_THG_ELT_ 277.211,40 277.408,25 275.849,09 282.403,44 256.163,29 230.789,41 206.211,39 181.195,61 157.218,99 134.203,48 111.056,01 89.416,47 67.725,00 60.795,61 54.574,76 48.732,26 43.264,44 38.167,70 35.082,34 32.009,66 28.949,80
7.584,20
8.527,45
9.015,75
9.075,91
8.652,42
7.885,86
6.669,17
6.908,11
7.028,27
7.014,35
6.882,96
6.650,52
6.302,78
5.923,99
5.514,39
6.114,78
1.673,74
4.152,68
1.548,98
1.461,71
NWG_ELT_ GHD_ELT_Hf_THG_ELT_ 1.353,41
9.650,14
NWG_EG GHD_EG f_THG_EG 174.893,06 177.219,57 179.546,08 181.872,59 174.504,42 166.891,34 159.033,37 150.930,51 138.364,15 126.155,55 114.304,71 102.811,63 91.676,31 78.166,12 64.655,92 51.145,73 37.635,54 24.125,34 19.300,28 14.475,21
NWG_FW GHD_FW f_THG_FW 78.083,57 77.263,79 76.444,01 75.624,23 77.233,35 78.903,67 80.572,08 82.238,57 75.670,35 69.109,43 62.555,81 56.009,48 49.470,46 46.535,70 43.605,73 40.680,54 37.760,14 34.844,53 29.865,95 24.890,31 19.917,62
9.838,57
8.138,08
6.437,58
4.737,09
3.036,60
2.429,28
1.821,96
1.214,64
NWG_SonFGHD_SonFof_THG_Son 21.924,22 21.924,22 21.924,22 21.924,22 20.770,32 19.616,41 18.462,50 17.308,60 16.154,69 15.000,78 13.846,88 12.692,97 11.539,07
0,00
0,00
0,00
0,00
0,00
0,00
0,00
0,00
0,00
0,00
0,00
0,00
0,00
0,00
0,00
0,00
0,00
0,00
0,00
0,00
0,00
NWG_H2 GHD_H2 f_THG_H2
0,00
0,00
0,00
0,00
0,00
0,00
0,00
0,00
0,00
0,00
0,00
0,00
0,00
0,00
0,00
0,00
0,00
IndProz_BioIND_BioM f_THG_BioM
0,00
0,00
0,00
0,00
0,00
0,00
0,00
0,00
0,00
0,00
0,00
0,00
0,00
0,00
0,00
0,00
0,00
0,00
0,00
0,00
0,00
0,00
0,00
0,00
IndProz_ST IND_ST
f_THG_ST
0,00
0,00
0,00
0,00
0,00
0,00
0,00
0,00
0,00
0,00
0,00
0,00
0,00
0,00
0,00
0,00
0,00
0,00
0,00
0,00
0,00
0,00
IndProz_UmIND_UmwWf_THG_Umw
IndProz_EL IND_ELT f_THG_ELT_ 795.996,37 740.176,00 685.859,06 655.950,02 616.834,54 575.405,17 531.702,12 482.643,05 432.176,17 380.346,12 324.207,78 268.654,71 209.252,98 184.932,02 163.396,01 143.570,34 125.390,08 108.791,12 98.447,21 88.410,88 78.680,82
f_THG_EG 449.383,19 423.850,86 397.491,22 370.304,25 369.410,56 368.374,64 367.196,48 365.876,09 353.631,56 341.594,80 329.765,84 318.144,65 306.731,26 301.978,11 297.224,97 292.471,82 287.718,67 282.965,53 226.372,42 169.779,32 113.186,21
IndProz_EGIND_EG
IndProz_FWIND_FW f_THG_FW 65.144,07 59.544,27 54.048,79 48.657,63 49.000,44 49.351,89 49.671,36 49.958,86 45.287,21 40.737,48 36.309,68 32.003,79 27.819,83 26.718,16 25.550,94 24.318,17 23.019,85 21.655,98 18.696,62 15.694,24 12.648,81
IndProz_So IND_SonFo f_THG_Son 32.101,11 32.101,11 32.101,11 32.101,11 32.101,11 32.101,11 32.101,11 32.101,11 32.101,11 32.101,11 32.101,11 32.101,11 32.101,11 32.101,11 32.101,11 32.101,11 32.101,11 32.101,11 32.101,11 32.101,11 32.101,11
0,00
0,00
0,00
0,00
0,00
0,00
0,00
0,00
0,00
0,00
0,00
0,00
0,00
0,00
7.003,54 14.007,09 21.010,63
0,00
0,00
0,00
f_THG_H2
0,00
IndProz_H2IND_H2
BEN_Ges BEN_Ges f_THG_BEN 818.980,25 818.980,25 818.980,25 818.980,25 792.363,39 765.746,53 739.129,68 712.512,82 635.528,67 558.544,53 481.560,39 404.576,24 327.592,10 294.832,89 262.073,68 229.314,47 196.555,26 163.796,05 147.416,45 131.036,84 114.657,24
0,00
0,00
0,00
0,00
0,00
0,00
0,00
0,00
0,00
0,00
0,00
0,00
0,00
0,00
0,00
0,00
0,00
0,00
0,00
0,00
0,00
DIE_Ges DIE_Ges f_THG_DIE
SKrSt_Ges SKrSt_Ges f_THG_SKrS
0,00
0,00
0,00
0,00
0,00
0,00
0,00
0,00
0,00
0,00
0,00
0,00
0,00
0,00
0,00
0,00
0,00
0,00
0,00
0,00
0,00
MOBI_ELT MOBI_ELT f_THG_ELT_
0,00
0,00
0,00
0,00
0,00
0,00
0,00
0,00
0,00
0,00
0,00
0,00
0,00
0,00
0,00
0,00
0,00
0,00
0,00
0,00
0,00
0,00
0,00
0,00
0,00
0,00
0,00
0,00
0,00
0,00
0,00
0,00
0,00
0,00
0,00
0,00
0,00
0,00
0,00
0,00
0,00
0,00
MOBI_H2 MOBI_H2 f_THG_H2

2039

2040

2041

2042

2043

2044

2045

623,72
177,78
4.516,93
26.920,43
17.812,37
11.048,01
42.355,02
828,59
0,00
1.823,82
44,96
1.486,37
25.902,89
5.074,20
4.825,07
14.947,88
607,32
0,00
0,00
0,00
0,00
69.255,71
56.593,11
9.560,36
32.101,11
28.014,18
98.277,63
0,00
0,00
0,00
0,00

592,44
172,64
4.495,64
23.767,45
16.142,27
0,00
28.401,56
0,00
0,00
1.785,60
43,66
1.481,15
22.869,09
4.603,67
0,00
9.981,08
0,00
0,00
0,00
0,00
0,00
60.134,20
0,00
6.428,87
32.101,11
35.017,72
81.898,03
0,00
0,00
0,00
0,00

572,38
167,49
4.355,15
20.595,77
13.988,14
0,00
27.224,77
0,00
0,00
1.725,15
42,36
1.434,86
19.817,29
3.989,33
0,00
9.567,52
0,00
0,00
0,00
0,00
0,00
51.302,02
0,00
6.161,17
32.101,11
34.475,08
73.708,22
0,00
0,00
0,00
0,00

552,33
162,35
4.214,66
17.451,40
11.852,56
0,00
26.047,98
0,00
0,00
1.664,70
41,06
1.388,57
16.791,77
3.380,27
0,00
9.153,97
0,00
0,00
0,00
0,00
0,00
42.785,49
0,00
5.893,59
32.101,11
33.932,44
65.518,42
0,00
0,00
0,00
0,00

532,27
157,21
4.074,17
14.334,95
9.735,94
0,00
24.871,19
0,00
0,00
1.604,25
39,75
1.342,29
13.793,12
2.776,63
0,00
8.740,41
0,00
0,00
0,00
0,00
0,00
34.582,88
0,00
5.626,12
32.101,11
33.389,80
57.328,62
0,00
0,00
0,00
0,00

512,22
152,07
3.933,69
11.247,05
7.638,72
0,00
23.694,40
0,00
0,00
1.543,81
38,45
1.296,00
10.821,93
2.178,51
0,00
8.326,86
0,00
0,00
0,00
0,00
0,00
26.692,40
0,00
5.358,76
32.101,11
32.847,16
49.138,82
0,00
0,00
0,00
0,00

492,16
146,92
3.793,20
8.188,35
5.561,32
0,00
22.517,61
0,00
0,00
1.483,36
37,15
1.249,72
7.878,85
1.586,05
0,00
7.913,30
0,00
0,00
0,00
0,00
0,00
19.112,20
0,00
5.091,52
32.101,11
32.304,52
40.949,01
0,00
0,00
0,00
0,00

2022
2023
2024
2025
2026
2027
2028
2029
2030
2031
2032
2033
2034
2035
2036
2037
2038
2039
2018
2019
2020
2021
1.089,85
1.061,60
1.033,56
1.005,73
978,12
950,72
923,53
896,55
867,85
839,47
811,39
783,63
756,18
721,96
688,48
655,73
623,72
1.505,37
1.341,51
1.146,99
1.118,31
WG_BioM PHH_BioM f_THG_BioM 1.667,65
293,85
286,01
278,18
270,34
265,20
260,06
254,91
249,77
244,63
239,49
234,34
229,20
224,06
218,92
213,77
208,63
203,49
198,35
193,21
188,06
182,92
177,78
WG_ST
PHH_ST
f_THG_ST
1.167,17
1.472,77
1.764,65
2.042,79
2.307,21
2.557,91
2.794,88
3.018,12
3.360,92
3.683,50
3.985,85
4.267,97
4.529,86
4.537,46
4.537,84
4.531,00
4.516,93
514,80
847,85
f_THG_Umw 381,56
427,99
472,41
WG_UmwWPHH_UmwW
WG_ELT_o PHH_ELT_of_THG_ELT 283.790,38 287.299,49 288.641,43 298.242,04 274.511,86 250.781,68 227.051,49 203.321,31 179.591,13 155.860,95 132.130,77 108.400,59 84.670,41 79.657,58 74.644,76 69.631,93 64.619,11 59.606,28 54.593,46 49.580,63 44.567,81 39.554,98
WG_ELT_H PHH_ELT_Hf_THG_ELT 11.340,68 12.257,94 12.999,49 14.056,73 22.070,04 28.504,56 33.360,29 36.637,23 38.335,38 38.454,74 36.995,30 33.957,08 29.340,07 31.508,06 33.184,56 34.369,57 35.063,11 35.265,15 33.255,22 31.069,76 28.708,76 26.172,24
WG_EG
PHH_EG f_THG_EG 389.544,55 398.411,43 407.375,06 416.435,44 399.564,45 382.132,72 364.140,26 345.587,05 316.813,73 288.859,57 261.724,59 235.408,78 209.912,13 178.977,71 148.043,29 117.108,87 86.174,45 55.240,03 44.192,03 33.144,02 22.096,01 11.048,01
WG_FW PHH_FW f_THG_FW 151.253,21 161.996,55 172.478,22 182.698,22 188.314,65 194.155,72 200.068,92 206.054,26 191.298,77 176.268,23 160.962,64 145.382,00 129.526,32 123.393,60 117.080,49 110.586,97 103.913,07 97.058,76 83.549,34 69.928,91 56.197,47 42.355,02
8.783,07
6.463,01
4.142,96
3.314,36
2.485,77
1.657,18
828,59
WG_SonFo PHH_SonFof_THG_Son 55.932,23 47.258,86 38.585,50 29.912,14 28.337,81 26.763,49 25.189,17 23.614,84 22.040,52 20.466,20 18.891,88 17.317,55 15.743,23 13.423,17 11.103,12
0,00
0,00
0,00
0,00
0,00
0,00
0,00
0,00
0,00
0,00
0,00
0,00
0,00
0,00
0,00
0,00
0,00
0,00
0,00
0,00
0,00
0,00
WG_H2
PHH_H2 f_THG_H2
720,61
812,86
900,37
983,15
1.061,20
1.134,52
1.203,11
1.266,96
1.425,82
1.574,77
1.713,81
1.842,95
1.962,18
1.929,77
1.895,91
1.860,59
1.823,82
690,16
613,03
521,93
623,64
NWG_BioMGHD_BioM f_THG_BioM 766,54
74,31
72,33
70,34
68,36
67,06
65,76
64,46
63,16
61,86
60,56
59,26
57,96
56,66
55,36
54,06
52,76
51,46
50,16
48,86
47,56
46,26
44,96
NWG_ST GHD_ST f_THG_ST
69,62
186,47
298,58
405,98
508,64
606,57
699,78
788,25
872,00
951,02
1.071,23
1.184,46
1.290,74
1.390,04
1.482,37
1.487,10
1.489,35
1.489,10
1.486,37
57,88
63,89
NWG_UmwGHD_Umw f_THG_Umw
51,60
NWG_ELT_ GHD_ELT_of_THG_ELT 281.013,96 281.438,42 280.066,71 286.929,19 264.103,16 241.276,44 218.449,02 195.620,90 172.792,09 149.962,58 127.132,38 104.301,48 81.469,88 76.646,57 71.823,25 66.999,92 62.176,60 57.353,27 52.529,92 47.706,58 42.883,23 38.059,88
1.700,56
4.281,40
6.392,64
8.034,29
9.206,34
9.908,80 10.141,66
9.904,93
9.198,61
8.022,69
8.709,23
9.249,57
9.643,74
9.891,71
9.993,50
9.437,36
8.829,01
8.168,44
7.455,67
NWG_ELT_ GHD_ELT_Hf_THG_ELT 1.371,98
1.482,95
1.572,66
9.650,14
4.825,07
NWG_EG GHD_EG f_THG_EG 174.893,06 177.219,57 179.546,08 181.872,59 174.504,42 166.891,34 159.033,37 150.930,51 138.364,15 126.155,55 114.304,71 102.811,63 91.676,31 78.166,12 64.655,92 51.145,73 37.635,54 24.125,34 19.300,28 14.475,21
NWG_FW GHD_FW f_THG_FW 78.083,57 77.263,79 76.444,01 75.624,23 77.233,35 78.903,67 80.572,08 82.238,57 75.670,35 69.109,43 62.555,81 56.009,48 49.470,46 46.535,70 43.605,73 40.680,54 37.760,14 34.844,53 29.865,95 24.890,31 19.917,62 14.947,88
NWG_SonFGHD_SonFof_THG_Son 21.924,22 21.924,22 21.924,22 21.924,22 20.770,32 19.616,41 18.462,50 17.308,60 16.154,69 15.000,78 13.846,88 12.692,97 11.539,07
9.838,57
8.138,08
6.437,58
4.737,09
3.036,60
2.429,28
1.821,96
1.214,64
607,32
NWG_H2 GHD_H2 f_THG_H2
0,00
0,00
0,00
0,00
0,00
0,00
0,00
0,00
0,00
0,00
0,00
0,00
0,00
0,00
0,00
0,00
0,00
0,00
0,00
0,00
0,00
0,00
0,00
0,00
0,00
0,00
0,00
0,00
0,00
0,00
0,00
0,00
0,00
0,00
0,00
0,00
0,00
0,00
0,00
0,00
IndProz_BioIND_BioM f_THG_BioM
0,00
0,00
0,00
0,00
0,00
0,00
0,00
0,00
0,00
0,00
0,00
0,00
0,00
0,00
0,00
0,00
0,00
0,00
0,00
0,00
0,00
0,00
0,00
0,00
IndProz_ST IND_ST
f_THG_ST
0,00
0,00
IndProz_UmIND_UmwWf_THG_Umw
0,00
0,00
0,00
0,00
0,00
0,00
0,00
0,00
0,00
0,00
0,00
0,00
0,00
0,00
0,00
0,00
0,00
0,00
0,00
0,00
0,00
0,00
IndProz_EL IND_ELT f_THG_ELT 806.915,20 750.929,23 696.345,57 666.462,16 635.953,53 601.551,48 563.256,00 521.067,09 474.984,76 425.009,00 371.139,81 313.377,20 251.721,16 233.148,50 215.037,71 197.388,80 180.201,77 163.476,60 147.408,18 131.765,85 116.549,61 101.759,45
IndProz_EGIND_EG
f_THG_EG 449.383,19 423.850,86 397.491,22 370.304,25 369.410,56 368.374,64 367.196,48 365.876,09 353.631,56 341.594,80 329.765,84 318.144,65 306.731,26 301.978,11 297.224,97 292.471,82 287.718,67 282.965,53 226.372,42 169.779,32 113.186,21 56.593,11
IndProz_FWIND_FW f_THG_FW 65.144,07 59.544,27 54.048,79 48.657,63 49.000,44 49.351,89 49.671,36 49.958,86 45.287,21 40.737,48 36.309,68 32.003,79 27.819,83 26.718,16 25.550,94 24.318,17 23.019,85 21.655,98 18.696,62 15.694,24 12.648,81
9.560,36
IndProz_So IND_SonFo f_THG_Son 32.101,11 32.101,11 32.101,11 32.101,11 32.101,11 32.101,11 32.101,11 32.101,11 32.101,11 32.101,11 32.101,11 32.101,11 32.101,11 32.101,11 32.101,11 32.101,11 32.101,11 32.101,11 32.101,11 32.101,11 32.101,11 32.101,11
0,00
0,00
0,00
0,00
0,00
0,00
0,00
0,00
0,00
0,00
0,00
0,00
0,00
0,00
0,00
0,00
0,00
7.003,54 14.007,09 21.010,63 28.014,18
IndProz_H2IND_H2
f_THG_H2
0,00
BEN_Ges BEN_Ges f_THG_BEN 818.980,25 818.980,25 818.980,25 818.980,25 792.363,39 765.746,53 739.129,68 712.512,82 635.528,67 558.544,53 481.560,39 404.576,24 327.592,10 294.832,89 262.073,68 229.314,47 196.555,26 163.796,05 147.416,45 131.036,84 114.657,24 98.277,63
DIE_Ges DIE_Ges f_THG_DIE
0,00
0,00
0,00
0,00
0,00
0,00
0,00
0,00
0,00
0,00
0,00
0,00
0,00
0,00
0,00
0,00
0,00
0,00
0,00
0,00
0,00
0,00
SKrSt_Ges SKrSt_Ges f_THG_SKrS
0,00
0,00
0,00
0,00
0,00
0,00
0,00
0,00
0,00
0,00
0,00
0,00
0,00
0,00
0,00
0,00
0,00
0,00
0,00
0,00
0,00
0,00
MOBI_ELT MOBI_ELT f_THG_ELT
0,00
0,00
0,00
0,00
0,00
0,00
0,00
0,00
0,00
0,00
0,00
0,00
0,00
0,00
0,00
0,00
0,00
0,00
0,00
0,00
0,00
0,00
MOBI_H2 MOBI_H2 f_THG_H2
0,00
0,00
0,00
0,00
0,00
0,00
0,00
0,00
0,00
0,00
0,00
0,00
0,00
0,00
0,00
0,00
0,00
0,00
0,00
0,00
0,00
0,00

2040

2041

2042

2043

2044

2045

592,44
172,64
4.495,64
34.542,16
23.460,18
0,00
28.401,56
0,00
0,00
1.785,60
43,66
1.481,15
33.236,54
6.690,69
0,00
9.981,08
0,00
0,00
0,00
0,00
0,00
87.395,39
0,00
6.428,87
32.101,11
35.017,72
81.898,03
0,00
0,00
0,00
0,00

572,38
167,49
4.355,15
29.529,33
20.055,60
0,00
27.224,77
0,00
0,00
1.725,15
42,36
1.434,86
28.413,19
5.719,73
0,00
9.567,52
0,00
0,00
0,00
0,00
0,00
73.554,64
0,00
6.161,17
32.101,11
34.475,08
73.708,22
0,00
0,00
0,00
0,00

552,33
162,35
4.214,66
24.516,51
16.651,01
0,00
26.047,98
0,00
0,00
1.664,70
41,06
1.388,57
23.589,84
4.748,76
0,00
9.153,97
0,00
0,00
0,00
0,00
0,00
60.106,98
0,00
5.893,59
32.101,11
33.932,44
65.518,42
0,00
0,00
0,00
0,00

532,27
157,21
4.074,17
19.503,68
13.246,42
0,00
24.871,19
0,00
0,00
1.604,25
39,75
1.342,29
18.766,48
3.777,79
0,00
8.740,41
0,00
0,00
0,00
0,00
0,00
47.052,38
0,00
5.626,12
32.101,11
33.389,80
57.328,62
0,00
0,00
0,00
0,00

512,22
152,07
3.933,69
14.490,86
9.841,83
0,00
23.694,40
0,00
0,00
1.543,81
38,45
1.296,00
13.943,13
2.806,83
0,00
8.326,86
0,00
0,00
0,00
0,00
0,00
34.390,87
0,00
5.358,76
32.101,11
32.847,16
49.138,82
0,00
0,00
0,00
0,00

492,16
146,92
3.793,20
9.478,03
6.437,25
0,00
22.517,61
0,00
0,00
1.483,36
37,15
1.249,72
9.119,78
1.835,86
0,00
7.913,30
0,00
0,00
0,00
0,00
0,00
22.122,42
0,00
5.091,52
32.101,11
32.304,52
40.949,01
0,00
0,00
0,00
0,00

Verkehr

Industrielle Prozesse /
Industrie

Nichtwohngebäude

Wohngebäude/Private
Haushalte

Berechnet nach BISKO (mit Bundes-Strommix)

5

Eingabe des Parametersets für den Szenariorahmen
Erläuterungen
2018

2020

2021

2022

Szenario: Ziel_Vorgabe
2025
2030

560.641

561.942

561.002

569.173

569.100

f_THG_BioM

0,023

0,023

tCO2,äq/MWh

f_THG_ST

0,025

tCO2,äq/MWh

f_THG_UmwW

0,010

Emissionsfaktor Bezugsstrommix

tCO2,äq/MWh

f_THG_ELT

0,544

Emissionsfaktor lokale PV

tCO2,äq/MWh

f_THG_ELT_LokPV

0,040

0,056

Emissionsfaktor lokale Windenergie

tCO2,äq/MWh

f_THG_ELT_LokWEA

0,010

0,018

Emissionsfaktor Erdgas

tCO2,äq/MWh

f_THG_EG

0,247

Emissionsfaktor Fernwärme
Emissionsfaktor sonst. fossile Energieträger
Wärmenutzung
Emissionsfaktor grüner Wasserstoff
Emissionsfaktor Benzin (hier Mischfaktor für
Gesamt-Mobilität)
Emissionsfaktor Diesel

tCO2,äq/MWh

f_THG_FW

0,160

tCO2,äq/MWh

f_THG_SonFoss

0,318

tCO2,äq/MWh

f_THG_H2

0,247

tCO2,äq/MWh

f_THG_BEN

0,323

0,323

tCO2,äq/MWh

f_THG_DIE

0,315

0,315

f_THG_SKrSt
WEA_Pnenn
WEA_VBh
WEA_CAPEX
f_kWP-kWh_PVLärmwäl
f_kWP-kWh_PVLärmwän

0,310

Parameter
Bevölkerungsentwicklung
Emissionsfaktor Biomasse (und sonst.
erneuerbare)
Emissionsfaktor Solarthermie

Einheit
EW/a

Parameterkürzel
Popul

tCO2,äq/MWh

Emissionsfaktor Umweltwärme

Emissionsfaktor Sonst. Kraftstoffe
tCO2,äq/MWh
Leistungsgrößen von Windenergieanlagen
MW
Vollbenutzungsstunden/Volllaststunden der W h/a
Capex von WEA
€/kW
Ertragsfaktor PV Lärmwälle
(kWh/a)/kWP
Ertragsfaktor PV Lärmschutzwände
(kWh/a)/kWP

4,36
2450,00
1700,00
970,00

2035

2040

2045

2050

578.800
0,011

0,023

0,013
0,005

0,485

0,472

0,155

0,134

0,015
0,020
0,005

0,158

0,270

0,246

0,169

0,102

0,072

0,021

0,016
0,318

0,033

0,033

0,310
4,36
1700,00

5,79
2660,00
1579,00

1512,00

1474,00
970,00

650,00

650,00

Ertragsfaktor PV Parkplätze

(kWh/a)/kWP f_kWP-kWh_PVParken

1027,00

1027,00

Ertragsfaktor PV Floating

(kWh/a)/kWP f_kWP-kWh_PVFloat

1113,72

1113,72

Ertragsfaktor PV Agri

(kWh/a)/kWP f_kWP-kWh_PVAgri

803,00

803,00

Ertragsfaktor PV Sonst
Systemwirkungsgrad PV Lärmwälle
Systemwirkungsgrad PV Lärmschutzwände
Systemwirkungsgrad PV Parkplätze
Systemwirkungsgrad PV Floating
Systemwirkungsgrad PV Agri
Systemwirkungsgrad PV Sonst
CAPEX PV Lärmwälle

(kWh/a)/kWP
€/kWP

f_kWP-kWh_PVSonst
eta_PVLärmwäl
eta_PVLärmwän
eta_PVParken
eta_PVFloat
eta_PVAgri
eta_PVSonst
CAPEX_PVLärmwäl

1027,00

1027,00

1,00
1,00
1,00
1,00
1,00
1,00

1,00
1,00
1,00
1,00
1,00
1,00

665,00

665,00

465,00

388,00

335,00

CAPEX PV Lärmschutzwände

€/kWP

CAPEX_PVLärmwän

800,00

800,00

560,00

467,00

403,00

CAPEX PV Parkplätze

€/kWP

CAPEX_PVParken

998,00

998,00

698,00

582,00

503,00

CAPEX PV Floating

€/kWP

CAPEX_PVFloat

1000,00

1000,00

700,00

584,00

504,00

CAPEX PV Agri

€/kWP

CAPEX_PVAgri

750,00

750,00

525,00

438,00

378,00

CAPEX PV Sonst

€/kWP

CAPEX_PVSonst

665,00

665,00

465,00

388,00

335,00

6

Anlage 3 - Maßnahmenübersicht der Maßnahmen des IEK (Maßnahmenportfolio)

7

