Anlage 3 zur V2961/24
IST/ Prognose Fallzahlen 2024

Stand:

Jan 24
§ 18
§ 20
§ 27
§ 28
§ 29
§ 30
§ 31
§ 35 ambulant2)
Teilergebnis ambulante HzE
§ 32
Teilergebnis teilstationäre HzE
§ 19
§ 33
§ 34 Heim
§ 34 betreutes Einzelwohnen
§ 35 stationär1)
Kostenerstattung
Teilergebnis stationäre HzE
§ 35a ambulant
§ 35a teilstationär
§ 35a stationär
§ 35a Kostenerstattung
Teilergebnis Eingliederungshilfe
Gesamtergebnis je Monat

6
0
11
33
1
289
766
0
1.106
45
45
53
381
583
9
4
138
1.168
230
4
102
5
341
2.660

Feb 24
9
0
12
35
1
294
760
0
1.111
42
42
55
381
583
9
5
140
1.173
231
3
104
5
343
2.669

Mrz 24
10
0
10
34
1
300
776
0
1.131
48
48
57
379
589
10
7
136
1.178
241
1
108
5
355
2.712

Apr 24
12
1
8
37
1
305
767
0
1.131
52
52
58
384
584
10
6
140
1.182
252
1
105
5
363
2.728

Mai 24
12
1
8
35
2
325
780
0
1.163
53
53
58
387
578
9
8
141
1.181
254
1
108
5
368
2.765

Jun 24
11
0
10
35
2
327
790
0
1.175
53
53
57
388
575
9
10
141
1.180
235
2
108
5
350
2.758

Jul 24
12
0
7
38
2
329
791
0
1.179
52
52
55
383
585
7
11
146
1.187
227
2
110
5
344
2.762

Aug 24
13
0
7
37
2
335
795
0
1.189
52
52
53
385
584
8
11
147
1.187
236
2
111
5
354
2.782

Sep 24
13
0
7
37
2
327
795
0
1.180
53
53
54
388
584
8
8
148
1.190
257
2
111
5
375
2.799

Okt 24
13
0
7
37
2
324
802
0
1.184
53
53
53
389
577
7
9
147
1.182
251
2
113
5
372
2.791

Nov 24
13
0
7
37
2
333
800
0
1.192
55
55
54
392
583
7
9
131
1.176
258
2
113
5
378
2.801

Dez 24
13
0
7
38
2
330
805
0
1.197
54
54
56
391
582
6
8
147
1.190
265
2
114
5
386
2.828

02.08.2024
Ø Fallzahl (Prognose)
11,26
0,17
8,48
36,18
1,71
318,21
785,52
0,00
1161,53
51,00
51,00
55,26
385,62
582,24
8,23
8,05
141,81
1181,21
244,80
2,04
108,91
5,03
360,79
2754,53

Ø Fallzahl 01-07 (Ist)
10,29
0,29
9,43
35,29
1,43
309,86
775,71
0,00
1142,29
49,29
49,29
56,14
383,29
582,43
9,00
7,29
140,29
1178,43
238,57
2,00
106,43
5,00
352,00
2722,00

