Anlage 2

Veränderung der Auszahlungsansätze im Finanzplan 2012 infolge Mehreinzahlungen und Einzelveranschlagung

Änderung Finanzplan 2012
Nr.

3.1

3.2

Bezeichnung

GP_HW02_Gompitzer Straße, 5. BA

Fetscherstraße, 1. BA

(Werte in EUR)
TI-Projekt

Sachkonto

TI.12402.A66.V
TI.12402.A66.G
TI.12402.A66.B
Summe Ausgaben
TI.12402.E66.705

78520000
78210000
78520000

TI.22110.A66.V
TI.22110.A66.G
TI.22110.A66.B
Summe Ausgaben
TI.22110.E66.705

3.3

Brücke Budapester Straße

TI.30709.A66.V
TI.30709.A66.G
TI.30709.A66.B
Summe Ausgaben
TI.30709.E66.705

3.4

SP_S-Einzelmaßnahmen Straße

TI.40311.A66.V
TI.40311.A66.G
TI.40311.A66.B
Summe Ausgaben
TI.40311.E66.705

3.5

Winterschadensbeseitigung 2010

TI.41810.A66.V
TI.41810.A66.
TI 41810 A66 G
TI.41810.A66.B
Summe Ausgaben
TI.41810.E66.705

68110000

68110000

68110000

68110000

68110000

3.7

Schützengasse

TI.22411.A66.V
TI.22411.A66.G
TI.22411.A66.B
Summe Ausgaben
TI.22411.E66.705

78520000
78210000
78520000

68110000

68110000

68110000

TI.42811.A66.V
TI.42811.A66.G
TI.42811.A66.B
Summe Ausgaben
TI.42811.E66.705

78520000
78210000
78520000

3.10 LB_Sommerhochwasser 2010

TI.42911.A66.V
TI.42911.A66.G
TI.42911.A66.B
Summe Ausgaben
TI.42911.E66.705

78520000
78210000
78520000

TI.30411.A66.V
TI.30411.A66.G
TI.30411.A66.B
Summe Ausgaben
TI.30411.E66.705

78520000
78210000
78520000

3.12 Brücke Proschhübelstraße

TI.31011.A66.V
TI.31011.A66.G
TI.31011.A66.B
Summe Ausgaben
TI.31011.E66.705

78520000
78210000
78520000

3.13 SP_G-Ingenieurbauwerke

TI.30111.A66.V
TI.30111.A66.G
TI.30111.A66.B
Summe Ausgaben
TI.30111.E66.705

78520000
78210000
78520000

TI.31013.A66.V
TI.31013.A66.G
TI.31013.A66.B
Summe Ausgaben
TI.31013.E66.705

78520000
78210000
78520000

TI.42910.A66.V
TI.42910.A66.G
TI.42910.A66.B
Summe Ausgaben
TI.42910.E66.705

78520000
78210000
78520000

3.14 Löbtauer Brücke (B 0272)

3.15 SW_K 6213_Hochlandstraße

3.16 SW_Bergstraße

3.17 AS A17/ B 173 Kesselsdorfer Straße

3.18 B 172 - Dohnaer Straße, 2. BA

3.19 SP_G-Einzelmaßnahmen Straße

Gesamt

TI.42610.A66.V
TI.42610.A66.G
TI 42610 A66 B
TI.42610.A66.
Summe Ausgaben
TI.42610.E66.705

68110000

68110000

68110000

68110000

68110000

68110000

68110000

0

0

0

0

0

0

0

363.000

528.000

0

0

0

68110000
78520000
78210000
78520000

TI.22510.A66.V
TI.22510.A66.G
TI.22510.A66.B
Summe Ausgaben
TI.22510.E66.705

78520000
78210000
78520000

68110000
68512000
68512000
68512000

68110000

0

300.000

200.000

0

75.000

480.521

9.000

6.075

-324.000

-528.000

852.000

0

365.000

0

0
0
370.000
0

0
0
0
0

0
0
667.000
667.000

0
0
667.000
667.000

0
0
0
0

0
0
667.000
0

0
0
667.000
0

0
0
0
0

0
0
369.325
369.325

0
0
369.325
369.325

0
0
0
0

0
0
369.325
0

0
0
369.325
0

0
0
0
0

0
0
300.000
300.000

0
0
300.000
300.000

0
0
0
0

0
0
300.000
0

0
0
300.000
0

0
0
0
0

15.000
0
185.000
200.000

15.000
0
185.000
200.000

0
0
0
0

15.000
0
185.000
0

15.000
0
185.000
0

226.300
0
800.000
1.026.300

-129.000
0
-550.000
-679.000

97.300
0
250.000
347.300

226.300
0
800.000
1.026.300

-129.000
0
-550.000
-679.000

97.300
0
250.000
347.300

0
0
0
0

0
0
480.000
480.000

0
0
480.000
480.000

0
0
0
0

0
0
480.000
405.000

0
0
480.000
405.000

0
0
0
0

85.000
0
594.096
679.096

85.000
0
594.096
679.096

0
0
0
0

85.000
0
594.096
198.575

85.000
0
594.096
198.575

0
0
0
0

0
0
69.500
69.500

0
0
69.500
69.500

0
0
0
0

0
0
69.500
60.500

0
0
69.500
60.500

0
0
0
0

0
0
21.000
21.000

0
0
21.000
21.000

0
0
0
0

0
0
21.000
14.925

0
0
21.000
14.925

35.000
0
550.000
585.000

15.000
0
-490.000
-475.000

50.000
0
60.000
110.000

35.000
0
550.000
222.000

15.000
0
-490.000
-151.000

50.000
0
60.000
71.000

35.000
0
800.000
835.000

-35.000
0
-800.000
-835.000

0
0
0
0

35.000
0
800.000
307.000

-35.000
0
-800.000
-307.000

0
0
0
0

46.000
0
0
46.000

35.000
0
1.225.000
1.260.000

81.000
0
1.225.000
1.306.000

46.000
0
0
46.000

35.000
0
1.225.000
408.000

81.000
0
1.225.000
454.000

0
0
0
0

50.000
0
0
50.000

50.000
0
0
50.000

0
0
0
0

50.000
0
0
50.000

50.000
0
0
50.000

0
0
0
0

0
0
150.000
150.000

0
0
150.000
150.000

0
0
0
0

0
0
150.000
-215.000

0
0
150.000
-215.000

0
0
0
0

0
0
215 000
215.000
215.000

0
0
215 000
215.000
215.000

0
0
0
0

0
0
215 000
215.000
215.000

0
0
215 000
215.000
215.000

0
0
0
0

7.879,14
6.868,65
352.299,05
367.046,84

7.879
6.869
352.299
367.047

0
0
0
0

7.879
6.869
352.299
367.047

7.879
6.869
352.299
367.047

0
0
0
0

0
0
103.440
103.440

0
0
103.440
103.440

0
0
0
0

0
0
103.440
103.440

0
0
103.440
103.440

0
0
0
0

0
0
270.000
270.000

0
0
270.000
270.000

0
0
0
0

0
0
270.000
270.000

0
0
270.000
270.000

2.492.300

3.582.408

6.074.708

1.601.300

740.487

2.341.787

6.075

39.000

0

852.000

0

365.000

0

0

0

0

0

891.000

2.956.940

3.847.940

625.467,83

0
0
370.000
0

9.000

115.019,01

1.601.300

0
0
0
0

480.521

115.019,01

2.226.768

0
0
370.000
370.000

75.000

0

Eigenmittel (neu)

0
0
370.000
370.000

0

78520000
78210000
78520000
68110000

0
0
0
0

200.000

0
0
0
115.019,01

0

Zuschuss
2012
neu

300.000

0
0
0
115.019,01

0

Zuschuss
2012
Änderung

369.325

0
0
0
0

Eigenmittel (alt)

Eigenmittelabweichung

369.325

78520000
78210000
78520000

TI.22410.A66.V
TI.22410.A66.G
TI.22410.A66.B
Summe Ausgaben
TI.22410.E66.705
TI.22410.A66.V
TI.22410.A66.G
TI.22410.A66.B
Summe
Einzahlungen

TI.40111.A66.V
TI.40111.A66.G
TI.40111.A66.B
Summe Ausgaben
TI.40111.E66.705

0

Zuschuss
2012
alt

667.000

78520000
78210000
78520000

WX_Sommerhochwasser 2010

3.11 SP_B-Ingenieurbauwerke

667.000

78520000
78210000
78520000

78520000
78210000
78520000

3.9

0

Auszahlungen Auszahlungen Auszahlungen
2012
2012
2012
alt
Änderung
neu

370.000

78520000
78210000
78520000

TI.40111.A66.V
TI.40111.A66.G
TI.40111.A66.B
Summe Ausgaben
TI.40111.E66.705

TI.42311.A66.V
TI.42311.A66.G
TI.42311.A66.B
Summe Ausgaben
TI.42311.E66.705

370.000

Einzahlungen
2012
neu

78520000
78210000
78520000

SP_G-Einzelmaßnahmen Straße

SW_SP_Sommerhochwasser 2010

0

Einzahlungen
2012
Änderung

78520000
78210000
78520000

3.6

3.8

Einzahlungen
2012
alt

Die Deckung erfolgt durch Entnahme aus dem Gesamthaushalt in Höhe der außerplanmäßig eingegangenen investiven
Einzahlungen aus dem Jahr 2011 (siehe Anlage 1).

